"Region";"Prøvetagningsdato";"Køn";"Bekræftede tilfælde";"Døde";"Indlæggelser";"Kummuleret antal døde";"Kummuleret antal bekræftede tilfælde";"Kummuleret antal indlæggelser"
Sjælland;2020-02-26;M;1;0;0;0;1;0
Hovedstaden;2020-02-27;M;1;0;0;0;2;0
Midtjylland;2020-02-28;M;1;0;0;0;3;0
Hovedstaden;2020-03-01;M;1;0;1;0;4;1
Hovedstaden;2020-03-02;M;2;0;1;0;6;2
Sjælland;2020-03-02;M;1;0;0;0;7;2
Syddanmark;2020-03-02;M;1;0;0;0;8;2
Hovedstaden;2020-03-03;F;1;0;0;0;9;2
Hovedstaden;2020-03-03;M;3;0;1;0;12;3
Hovedstaden;2020-03-04;M;2;0;0;0;14;3
Sjælland;2020-03-04;M;1;0;1;0;15;4
Hovedstaden;2020-03-05;F;4;1;1;1;19;5
Hovedstaden;2020-03-05;M;6;1;2;2;25;7
Nordjylland;2020-03-06;M;1;0;0;2;26;7
Sjælland;2020-03-06;M;1;0;1;2;27;8
Hovedstaden;2020-03-07;F;5;0;1;2;32;9
Hovedstaden;2020-03-07;M;3;0;1;2;35;10
Midtjylland;2020-03-07;M;1;0;0;2;36;10
Hovedstaden;2020-03-08;F;8;0;0;2;44;10
Midtjylland;2020-03-08;F;6;0;0;2;50;10
Sjælland;2020-03-08;F;2;0;1;2;52;11
Syddanmark;2020-03-08;F;1;0;0;2;53;11
Hovedstaden;2020-03-08;M;4;0;1;2;57;12
Midtjylland;2020-03-08;M;16;0;0;2;73;12
Nordjylland;2020-03-08;M;1;0;0;2;74;12
Sjælland;2020-03-08;M;2;0;0;2;76;12
Syddanmark;2020-03-08;M;8;0;0;2;84;12
Hovedstaden;2020-03-09;F;27;0;3;2;111;15
Midtjylland;2020-03-09;F;10;0;1;2;121;16
Nordjylland;2020-03-09;F;2;0;0;2;123;16
Sjælland;2020-03-09;F;7;0;4;2;130;20
Syddanmark;2020-03-09;F;15;0;1;2;145;21
Hovedstaden;2020-03-09;M;44;0;4;2;189;25
Midtjylland;2020-03-09;M;35;0;2;2;224;27
Nordjylland;2020-03-09;M;6;0;0;2;230;27
Sjælland;2020-03-09;M;30;0;4;2;260;31
Syddanmark;2020-03-09;M;34;0;1;2;294;32
Hovedstaden;2020-03-10;F;46;0;4;2;340;36
Midtjylland;2020-03-10;F;18;0;1;2;358;37
Nordjylland;2020-03-10;F;4;0;1;2;362;38
Sjælland;2020-03-10;F;6;0;2;2;368;40
Syddanmark;2020-03-10;F;8;0;1;2;376;41
Hovedstaden;2020-03-10;M;70;1;3;3;446;44
Midtjylland;2020-03-10;M;54;1;4;4;500;48
Nordjylland;2020-03-10;M;9;0;0;4;509;48
Sjælland;2020-03-10;M;21;0;4;4;530;52
Syddanmark;2020-03-10;M;19;0;1;4;549;53
Hovedstaden;2020-03-11;F;31;0;2;4;580;55
Midtjylland;2020-03-11;F;11;1;1;5;591;56
Nordjylland;2020-03-11;F;3;0;0;5;594;56
Sjælland;2020-03-11;F;12;0;1;5;606;57
Syddanmark;2020-03-11;F;16;0;1;5;622;58
Hovedstaden;2020-03-11;M;57;0;3;5;679;61
Midtjylland;2020-03-11;M;14;1;1;6;693;62
Nordjylland;2020-03-11;M;20;0;0;6;713;62
Sjælland;2020-03-11;M;15;0;5;6;728;67
Syddanmark;2020-03-11;M;27;0;1;6;755;68
Hovedstaden;2020-03-12;F;9;1;3;7;764;71
Midtjylland;2020-03-12;F;2;0;2;7;766;73
Nordjylland;2020-03-12;F;1;0;1;7;767;74
Sjælland;2020-03-12;F;1;1;1;8;768;75
Syddanmark;2020-03-12;F;5;0;2;8;773;77
Hovedstaden;2020-03-12;M;9;0;3;8;782;80
Midtjylland;2020-03-12;M;6;0;4;8;788;84
Nordjylland;2020-03-12;M;1;1;0;9;789;84
Sjælland;2020-03-12;M;5;0;3;9;794;87
Syddanmark;2020-03-12;M;3;0;0;9;797;87
Hovedstaden;2020-03-13;F;5;0;1;9;802;88
Midtjylland;2020-03-13;F;2;0;1;9;804;89
Sjælland;2020-03-13;F;1;0;1;9;805;90
Syddanmark;2020-03-13;F;1;1;1;10;806;91
Hovedstaden;2020-03-13;M;16;2;8;12;822;99
Midtjylland;2020-03-13;M;5;1;5;13;827;104
Nordjylland;2020-03-13;M;1;0;1;13;828;105
Sjælland;2020-03-13;M;2;0;1;13;830;106
Hovedstaden;2020-03-14;F;8;1;3;14;838;109
Midtjylland;2020-03-14;F;4;0;1;14;842;110
Nordjylland;2020-03-14;F;2;0;2;14;844;112
Sjælland;2020-03-14;F;3;0;3;14;847;115
Syddanmark;2020-03-14;F;2;0;1;14;849;116
Hovedstaden;2020-03-14;M;8;2;6;16;857;122
Midtjylland;2020-03-14;M;2;0;1;16;859;123
Nordjylland;2020-03-14;M;1;0;1;16;860;124
Sjælland;2020-03-14;M;4;1;1;17;864;125
Syddanmark;2020-03-14;M;3;0;2;17;867;127
Hovedstaden;2020-03-15;F;8;1;4;18;875;131
Midtjylland;2020-03-15;F;3;1;2;19;878;133
Nordjylland;2020-03-15;F;1;0;1;19;879;134
Sjælland;2020-03-15;F;6;0;2;19;885;136
Syddanmark;2020-03-15;F;1;0;1;19;886;137
Hovedstaden;2020-03-15;M;17;2;12;21;903;149
Midtjylland;2020-03-15;M;1;0;0;21;904;149
Nordjylland;2020-03-15;M;2;0;2;21;906;151
Sjælland;2020-03-15;M;4;2;3;23;910;154
Syddanmark;2020-03-15;M;2;0;2;23;912;156
Hovedstaden;2020-03-16;F;27;1;10;24;939;166
Midtjylland;2020-03-16;F;1;0;1;24;940;167
Sjælland;2020-03-16;F;9;1;7;25;949;174
Hovedstaden;2020-03-16;M;23;6;18;31;972;192
Midtjylland;2020-03-16;M;1;1;1;32;973;193
Nordjylland;2020-03-16;M;1;0;1;32;974;194
Sjælland;2020-03-16;M;6;1;5;33;980;199
Syddanmark;2020-03-16;M;6;2;6;35;986;205
Hovedstaden;2020-03-17;F;23;2;10;37;1009;215
Midtjylland;2020-03-17;F;1;0;1;37;1010;216
Nordjylland;2020-03-17;F;2;0;2;37;1012;218
Sjælland;2020-03-17;F;4;1;4;38;1016;222
Syddanmark;2020-03-17;F;3;0;3;38;1019;225
Hovedstaden;2020-03-17;M;26;7;19;45;1045;244
Midtjylland;2020-03-17;M;6;1;5;46;1051;249
Nordjylland;2020-03-17;M;2;1;2;47;1053;251
Sjælland;2020-03-17;M;6;2;6;49;1059;257
Syddanmark;2020-03-17;M;3;1;2;50;1062;259
Hovedstaden;2020-03-18;F;16;2;8;52;1078;267
Midtjylland;2020-03-18;F;8;0;4;52;1086;271
Nordjylland;2020-03-18;F;3;0;2;52;1089;273
Sjælland;2020-03-18;F;6;0;5;52;1095;278
Syddanmark;2020-03-18;F;1;0;1;52;1096;279
Hovedstaden;2020-03-18;M;32;7;16;59;1128;295
Midtjylland;2020-03-18;M;3;1;1;60;1131;296
Nordjylland;2020-03-18;M;3;1;2;61;1134;298
Sjælland;2020-03-18;M;8;3;8;64;1142;306
Syddanmark;2020-03-18;M;3;1;2;65;1145;308
Hovedstaden;2020-03-19;F;31;2;12;67;1176;320
Midtjylland;2020-03-19;F;19;0;3;67;1195;323
Nordjylland;2020-03-19;F;2;0;2;67;1197;325
Sjælland;2020-03-19;F;2;0;1;67;1199;326
Syddanmark;2020-03-19;F;8;0;0;67;1207;326
Hovedstaden;2020-03-19;M;25;5;15;72;1232;341
Midtjylland;2020-03-19;M;5;0;1;72;1237;342
Nordjylland;2020-03-19;M;3;0;3;72;1240;345
Sjælland;2020-03-19;M;4;1;2;73;1244;347
Syddanmark;2020-03-19;M;8;0;6;73;1252;353
Hovedstaden;2020-03-20;F;32;4;17;77;1284;370
Midtjylland;2020-03-20;F;3;0;3;77;1287;373
Nordjylland;2020-03-20;F;2;0;0;77;1289;373
Sjælland;2020-03-20;F;8;1;5;78;1297;378
Syddanmark;2020-03-20;F;6;0;3;78;1303;381
Hovedstaden;2020-03-20;M;23;3;15;81;1326;396
Midtjylland;2020-03-20;M;6;0;2;81;1332;398
Nordjylland;2020-03-20;M;3;1;2;82;1335;400
Sjælland;2020-03-20;M;11;2;10;84;1346;410
Syddanmark;2020-03-20;M;8;0;7;84;1354;417
Hovedstaden;2020-03-21;F;15;2;6;86;1369;423
Midtjylland;2020-03-21;F;2;0;2;86;1371;425
Nordjylland;2020-03-21;F;1;0;1;86;1372;426
Sjælland;2020-03-21;F;5;0;4;86;1377;430
Syddanmark;2020-03-21;F;3;0;1;86;1380;431
Hovedstaden;2020-03-21;M;13;1;7;87;1393;438
Midtjylland;2020-03-21;M;3;0;3;87;1396;441
Sjælland;2020-03-21;M;3;1;2;88;1399;443
Syddanmark;2020-03-21;M;3;0;3;88;1402;446
Hovedstaden;2020-03-22;F;15;2;11;90;1417;457
Midtjylland;2020-03-22;F;3;0;3;90;1420;460
Nordjylland;2020-03-22;F;1;1;1;91;1421;461
Sjælland;2020-03-22;F;5;1;4;92;1426;465
Syddanmark;2020-03-22;F;1;0;1;92;1427;466
Hovedstaden;2020-03-22;M;20;5;10;97;1447;476
Midtjylland;2020-03-22;M;6;0;5;97;1453;481
Nordjylland;2020-03-22;M;1;0;1;97;1454;482
Sjælland;2020-03-22;M;6;2;5;99;1460;487
Syddanmark;2020-03-22;M;4;0;2;99;1464;489
Hovedstaden;2020-03-23;F;38;2;17;101;1502;506
Midtjylland;2020-03-23;F;11;0;9;101;1513;515
Nordjylland;2020-03-23;F;6;1;2;102;1519;517
Sjælland;2020-03-23;F;5;0;2;102;1524;519
Syddanmark;2020-03-23;F;1;0;0;102;1525;519
Hovedstaden;2020-03-23;M;34;3;21;105;1559;540
Midtjylland;2020-03-23;M;10;2;9;107;1569;549
Nordjylland;2020-03-23;M;4;0;4;107;1573;553
Sjælland;2020-03-23;M;12;3;8;110;1585;561
Syddanmark;2020-03-23;M;10;2;10;112;1595;571
Hovedstaden;2020-03-24;F;35;4;12;116;1630;583
Midtjylland;2020-03-24;F;7;0;5;116;1637;588
Nordjylland;2020-03-24;F;1;0;1;116;1638;589
Sjælland;2020-03-24;F;5;0;2;116;1643;591
Syddanmark;2020-03-24;F;11;0;7;116;1654;598
Hovedstaden;2020-03-24;M;39;4;27;120;1693;625
Midtjylland;2020-03-24;M;9;2;8;122;1702;633
Nordjylland;2020-03-24;M;6;0;6;122;1708;639
Sjælland;2020-03-24;M;13;3;9;125;1721;648
Syddanmark;2020-03-24;M;12;0;7;125;1733;655
Hovedstaden;2020-03-25;F;40;5;18;130;1773;673
Midtjylland;2020-03-25;F;8;0;2;130;1781;675
Nordjylland;2020-03-25;F;3;0;2;130;1784;677
Sjælland;2020-03-25;F;15;0;11;130;1799;688
Syddanmark;2020-03-25;F;8;0;4;130;1807;692
Hovedstaden;2020-03-25;M;33;9;23;139;1840;715
Midtjylland;2020-03-25;M;14;1;10;140;1854;725
Nordjylland;2020-03-25;M;5;1;4;141;1859;729
Sjælland;2020-03-25;M;14;4;11;145;1873;740
Syddanmark;2020-03-25;M;11;2;8;147;1884;748
Hovedstaden;2020-03-26;F;53;8;18;155;1937;766
Midtjylland;2020-03-26;F;14;3;6;158;1951;772
Nordjylland;2020-03-26;F;7;0;5;158;1958;777
Sjælland;2020-03-26;F;13;1;9;159;1971;786
Syddanmark;2020-03-26;F;10;0;7;159;1981;793
Hovedstaden;2020-03-26;M;36;5;23;164;2017;816
Midtjylland;2020-03-26;M;13;1;9;165;2030;825
Nordjylland;2020-03-26;M;5;0;3;165;2035;828
Sjælland;2020-03-26;M;6;2;3;167;2041;831
Syddanmark;2020-03-26;M;13;1;5;168;2054;836
Hovedstaden;2020-03-27;F;71;2;18;170;2125;854
Midtjylland;2020-03-27;F;11;0;1;170;2136;855
Nordjylland;2020-03-27;F;7;0;3;170;2143;858
Sjælland;2020-03-27;F;16;2;7;172;2159;865
Syddanmark;2020-03-27;F;14;0;6;172;2173;871
Hovedstaden;2020-03-27;M;51;4;27;176;2224;898
Midtjylland;2020-03-27;M;14;1;10;177;2238;908
Nordjylland;2020-03-27;M;3;0;0;177;2241;908
Sjælland;2020-03-27;M;12;0;8;177;2253;916
Syddanmark;2020-03-27;M;17;2;14;179;2270;930
Hovedstaden;2020-03-28;F;68;3;19;182;2338;949
Midtjylland;2020-03-28;F;12;0;2;182;2350;951
Nordjylland;2020-03-28;F;5;0;1;182;2355;952
Sjælland;2020-03-28;F;13;1;8;183;2368;960
Syddanmark;2020-03-28;F;14;1;10;184;2382;970
Hovedstaden;2020-03-28;M;53;8;25;192;2435;995
Midtjylland;2020-03-28;M;9;3;7;195;2444;1002
Nordjylland;2020-03-28;M;6;1;4;196;2450;1006
Sjælland;2020-03-28;M;11;2;10;198;2461;1016
Syddanmark;2020-03-28;M;9;0;7;198;2470;1023
Hovedstaden;2020-03-29;F;51;3;14;201;2521;1037
Midtjylland;2020-03-29;F;3;1;2;202;2524;1039
Nordjylland;2020-03-29;F;4;2;1;204;2528;1040
Sjælland;2020-03-29;F;7;1;6;205;2535;1046
Syddanmark;2020-03-29;F;5;0;5;205;2540;1051
Hovedstaden;2020-03-29;M;32;1;8;206;2572;1059
Midtjylland;2020-03-29;M;5;1;3;207;2577;1062
Nordjylland;2020-03-29;M;5;1;3;208;2582;1065
Sjælland;2020-03-29;M;8;3;8;211;2590;1073
Syddanmark;2020-03-29;M;7;0;4;211;2597;1077
Hovedstaden;2020-03-30;F;97;9;24;220;2694;1101
Midtjylland;2020-03-30;F;25;2;4;222;2719;1105
Nordjylland;2020-03-30;F;8;0;2;222;2727;1107
Sjælland;2020-03-30;F;37;3;6;225;2764;1113
Syddanmark;2020-03-30;F;24;1;7;226;2788;1120
Hovedstaden;2020-03-30;M;64;4;22;230;2852;1142
Midtjylland;2020-03-30;M;16;2;6;232;2868;1148
Nordjylland;2020-03-30;M;3;0;0;232;2871;1148
Sjælland;2020-03-30;M;19;3;9;235;2890;1157
Syddanmark;2020-03-30;M;16;1;4;236;2906;1161
Hovedstaden;2020-03-31;F;75;9;21;245;2981;1182
Midtjylland;2020-03-31;F;39;0;6;245;3020;1188
Nordjylland;2020-03-31;F;15;2;2;247;3035;1190
Sjælland;2020-03-31;F;19;1;6;248;3054;1196
Syddanmark;2020-03-31;F;11;1;2;249;3065;1198
Hovedstaden;2020-03-31;M;50;3;16;252;3115;1214
Midtjylland;2020-03-31;M;11;3;7;255;3126;1221
Nordjylland;2020-03-31;M;3;1;0;256;3129;1221
Sjælland;2020-03-31;M;19;1;3;257;3148;1224
Syddanmark;2020-03-31;M;13;2;4;259;3161;1228
Hovedstaden;2020-04-01;F;89;6;15;265;3250;1243
Midtjylland;2020-04-01;F;40;2;4;267;3290;1247
Nordjylland;2020-04-01;F;13;1;2;268;3303;1249
Sjælland;2020-04-01;F;21;0;7;268;3324;1256
Syddanmark;2020-04-01;F;26;2;5;270;3350;1261
Hovedstaden;2020-04-01;M;51;2;12;272;3401;1273
Midtjylland;2020-04-01;M;14;1;4;273;3415;1277
Nordjylland;2020-04-01;M;3;0;3;273;3418;1280
Sjælland;2020-04-01;M;12;0;2;273;3430;1282
Syddanmark;2020-04-01;M;10;1;4;274;3440;1286
Hovedstaden;2020-04-02;F;120;3;20;277;3560;1306
Midtjylland;2020-04-02;F;36;1;4;278;3596;1310
Nordjylland;2020-04-02;F;18;0;1;278;3614;1311
Sjælland;2020-04-02;F;41;4;6;282;3655;1317
Syddanmark;2020-04-02;F;33;1;6;283;3688;1323
Hovedstaden;2020-04-02;M;66;5;17;288;3754;1340
Midtjylland;2020-04-02;M;14;1;3;289;3768;1343
Nordjylland;2020-04-02;M;8;1;6;290;3776;1349
Sjælland;2020-04-02;M;24;0;7;290;3800;1356
Syddanmark;2020-04-02;M;20;1;2;291;3820;1358
Hovedstaden;2020-04-03;F;168;5;20;296;3988;1378
Midtjylland;2020-04-03;F;46;0;7;296;4034;1385
Nordjylland;2020-04-03;F;19;1;7;297;4053;1392
Sjælland;2020-04-03;F;35;1;2;298;4088;1394
Syddanmark;2020-04-03;F;40;0;3;298;4128;1397
Hovedstaden;2020-04-03;M;89;6;18;304;4217;1415
Midtjylland;2020-04-03;M;24;2;4;306;4241;1419
Nordjylland;2020-04-03;M;9;1;2;307;4250;1421
Sjælland;2020-04-03;M;18;0;4;307;4268;1425
Syddanmark;2020-04-03;M;23;0;7;307;4291;1432
Hovedstaden;2020-04-04;F;127;2;12;309;4418;1444
Midtjylland;2020-04-04;F;19;1;4;310;4437;1448
Nordjylland;2020-04-04;F;2;0;0;310;4439;1448
Sjælland;2020-04-04;F;21;1;5;311;4460;1453
Syddanmark;2020-04-04;F;12;0;1;311;4472;1454
Hovedstaden;2020-04-04;M;86;6;22;317;4558;1476
Midtjylland;2020-04-04;M;11;3;4;320;4569;1480
Nordjylland;2020-04-04;M;6;1;4;321;4575;1484
Sjælland;2020-04-04;M;5;1;3;322;4580;1487
Syddanmark;2020-04-04;M;4;0;1;322;4584;1488
Hovedstaden;2020-04-05;F;64;6;16;328;4648;1504
Midtjylland;2020-04-05;F;18;0;4;328;4666;1508
Nordjylland;2020-04-05;F;3;1;0;329;4669;1508
Sjælland;2020-04-05;F;13;0;2;329;4682;1510
Syddanmark;2020-04-05;F;9;0;1;329;4691;1511
Hovedstaden;2020-04-05;M;38;4;8;333;4729;1519
Midtjylland;2020-04-05;M;2;0;0;333;4731;1519
Nordjylland;2020-04-05;M;2;0;1;333;4733;1520
Sjælland;2020-04-05;M;5;0;1;333;4738;1521
Syddanmark;2020-04-05;M;3;1;2;334;4741;1523
Hovedstaden;2020-04-06;F;128;4;18;338;4869;1541
Midtjylland;2020-04-06;F;44;1;4;339;4913;1545
Nordjylland;2020-04-06;F;10;0;0;339;4923;1545
Sjælland;2020-04-06;F;52;2;9;341;4975;1554
Syddanmark;2020-04-06;F;25;1;1;342;5000;1555
Hovedstaden;2020-04-06;M;93;4;12;346;5093;1567
Midtjylland;2020-04-06;M;27;2;4;348;5120;1571
Nordjylland;2020-04-06;M;11;0;1;348;5131;1572
Sjælland;2020-04-06;M;11;0;2;348;5142;1574
Syddanmark;2020-04-06;M;22;0;5;348;5164;1579
Hovedstaden;2020-04-07;F;105;6;20;354;5269;1599
Midtjylland;2020-04-07;F;41;1;4;355;5310;1603
Nordjylland;2020-04-07;F;3;0;0;355;5313;1603
Sjælland;2020-04-07;F;30;0;3;355;5343;1606
Syddanmark;2020-04-07;F;24;0;4;355;5367;1610
Hovedstaden;2020-04-07;M;77;3;12;358;5444;1622
Midtjylland;2020-04-07;M;25;2;2;360;5469;1624
Nordjylland;2020-04-07;M;6;0;1;360;5475;1625
Sjælland;2020-04-07;M;23;0;4;360;5498;1629
Syddanmark;2020-04-07;M;11;0;0;360;5509;1629
Hovedstaden;2020-04-08;F;110;2;12;362;5619;1641
Midtjylland;2020-04-08;F;29;1;3;363;5648;1644
Nordjylland;2020-04-08;F;6;0;0;363;5654;1644
Sjælland;2020-04-08;F;36;0;6;363;5690;1650
Syddanmark;2020-04-08;F;16;1;0;364;5706;1650
Hovedstaden;2020-04-08;M;56;3;8;367;5762;1658
Midtjylland;2020-04-08;M;21;0;3;367;5783;1661
Nordjylland;2020-04-08;M;1;0;0;367;5784;1661
Sjælland;2020-04-08;M;16;2;5;369;5800;1666
Syddanmark;2020-04-08;M;3;0;0;369;5803;1666
Hovedstaden;2020-04-09;F;52;2;11;371;5855;1677
Midtjylland;2020-04-09;F;12;0;2;371;5867;1679
Nordjylland;2020-04-09;F;4;0;0;371;5871;1679
Sjælland;2020-04-09;F;10;1;5;372;5881;1684
Syddanmark;2020-04-09;F;8;0;2;372;5889;1686
Hovedstaden;2020-04-09;M;22;1;2;373;5911;1688
Midtjylland;2020-04-09;M;11;1;3;374;5922;1691
Nordjylland;2020-04-09;M;4;0;0;374;5926;1691
Sjælland;2020-04-09;M;9;1;3;375;5935;1694
Syddanmark;2020-04-09;M;4;0;0;375;5939;1694
Hovedstaden;2020-04-10;F;55;2;4;377;5994;1698
Midtjylland;2020-04-10;F;12;0;2;377;6006;1700
Nordjylland;2020-04-10;F;4;0;1;377;6010;1701
Sjælland;2020-04-10;F;16;0;1;377;6026;1702
Syddanmark;2020-04-10;F;1;0;0;377;6027;1702
Hovedstaden;2020-04-10;M;34;1;3;378;6061;1705
Midtjylland;2020-04-10;M;5;0;1;378;6066;1706
Nordjylland;2020-04-10;M;3;0;1;378;6069;1707
Sjælland;2020-04-10;M;5;1;5;379;6074;1712
Syddanmark;2020-04-10;M;6;0;1;379;6080;1713
Hovedstaden;2020-04-11;F;34;2;6;381;6114;1719
Midtjylland;2020-04-11;F;23;1;3;382;6137;1722
Nordjylland;2020-04-11;F;2;0;1;382;6139;1723
Sjælland;2020-04-11;F;8;1;4;383;6147;1727
Syddanmark;2020-04-11;F;8;0;2;383;6155;1729
Hovedstaden;2020-04-11;M;40;3;8;386;6195;1737
Midtjylland;2020-04-11;M;11;2;4;388;6206;1741
Sjælland;2020-04-11;M;7;0;2;388;6213;1743
Syddanmark;2020-04-11;M;6;1;3;389;6219;1746
Hovedstaden;2020-04-12;F;64;3;8;392;6283;1754
Midtjylland;2020-04-12;F;13;2;2;394;6296;1756
Nordjylland;2020-04-12;F;5;0;1;394;6301;1757
Sjælland;2020-04-12;F;17;0;4;394;6318;1761
Syddanmark;2020-04-12;F;7;0;1;394;6325;1762
Hovedstaden;2020-04-12;M;31;1;3;395;6356;1765
Midtjylland;2020-04-12;M;8;0;1;395;6364;1766
Nordjylland;2020-04-12;M;3;0;2;395;6367;1768
Sjælland;2020-04-12;M;2;0;0;395;6369;1768
Syddanmark;2020-04-12;M;6;0;1;395;6375;1769
Hovedstaden;2020-04-13;F;57;3;5;398;6432;1774
Midtjylland;2020-04-13;F;20;0;2;398;6452;1776
Nordjylland;2020-04-13;F;4;0;0;398;6456;1776
Sjælland;2020-04-13;F;11;1;3;399;6467;1779
Syddanmark;2020-04-13;F;4;0;1;399;6471;1780
Hovedstaden;2020-04-13;M;39;4;13;403;6510;1793
Midtjylland;2020-04-13;M;11;0;2;403;6521;1795
Nordjylland;2020-04-13;M;1;0;0;403;6522;1795
Sjælland;2020-04-13;M;7;1;5;404;6529;1800
Syddanmark;2020-04-13;M;2;0;1;404;6531;1801
Hovedstaden;2020-04-14;F;88;5;13;409;6619;1814
Midtjylland;2020-04-14;F;30;0;3;409;6649;1817
Nordjylland;2020-04-14;F;2;0;0;409;6651;1817
Sjælland;2020-04-14;F;35;0;4;409;6686;1821
Syddanmark;2020-04-14;F;17;1;2;410;6703;1823
Hovedstaden;2020-04-14;M;46;1;6;411;6749;1829
Midtjylland;2020-04-14;M;16;3;5;414;6765;1834
Sjælland;2020-04-14;M;16;1;3;415;6781;1837
Syddanmark;2020-04-14;M;8;0;0;415;6789;1837
Hovedstaden;2020-04-15;F;79;5;6;420;6868;1843
Midtjylland;2020-04-15;F;17;1;1;421;6885;1844
Nordjylland;2020-04-15;F;4;0;0;421;6889;1844
Sjælland;2020-04-15;F;20;0;5;421;6909;1849
Syddanmark;2020-04-15;F;8;0;1;421;6917;1850
Hovedstaden;2020-04-15;M;40;2;4;423;6957;1854
Midtjylland;2020-04-15;M;10;1;2;424;6967;1856
Nordjylland;2020-04-15;M;4;0;0;424;6971;1856
Sjælland;2020-04-15;M;10;2;5;426;6981;1861
Syddanmark;2020-04-15;M;6;0;1;426;6987;1862
Hovedstaden;2020-04-16;F;53;1;7;427;7040;1869
Midtjylland;2020-04-16;F;26;0;2;427;7066;1871
Nordjylland;2020-04-16;F;4;0;0;427;7070;1871
Sjælland;2020-04-16;F;16;2;5;429;7086;1876
Syddanmark;2020-04-16;F;8;0;1;429;7094;1877
Hovedstaden;2020-04-16;M;37;2;8;431;7131;1885
Midtjylland;2020-04-16;M;16;1;2;432;7147;1887
Nordjylland;2020-04-16;M;1;0;0;432;7148;1887
Sjælland;2020-04-16;M;8;0;0;432;7156;1887
Syddanmark;2020-04-16;M;9;0;1;432;7165;1888
Hovedstaden;2020-04-17;F;51;1;7;433;7216;1895
Midtjylland;2020-04-17;F;18;1;1;434;7234;1896
Nordjylland;2020-04-17;F;2;0;0;434;7236;1896
Sjælland;2020-04-17;F;29;2;7;436;7265;1903
Syddanmark;2020-04-17;F;8;0;2;436;7273;1905
Hovedstaden;2020-04-17;M;37;3;7;439;7310;1912
Midtjylland;2020-04-17;M;5;0;0;439;7315;1912
Nordjylland;2020-04-17;M;2;1;0;440;7317;1912
Sjælland;2020-04-17;M;14;1;4;441;7331;1916
Syddanmark;2020-04-17;M;2;0;0;441;7333;1916
Hovedstaden;2020-04-18;F;37;1;7;442;7370;1923
Midtjylland;2020-04-18;F;13;0;3;442;7383;1926
Nordjylland;2020-04-18;F;2;0;1;442;7385;1927
Sjælland;2020-04-18;F;15;1;2;443;7400;1929
Hovedstaden;2020-04-18;M;23;3;7;446;7423;1936
Midtjylland;2020-04-18;M;4;0;0;446;7427;1936
Sjælland;2020-04-18;M;7;2;4;448;7434;1940
Syddanmark;2020-04-18;M;3;0;0;448;7437;1940
Hovedstaden;2020-04-19;F;37;1;7;449;7474;1947
Midtjylland;2020-04-19;F;8;0;2;449;7482;1949
Sjælland;2020-04-19;F;19;0;4;449;7501;1953
Syddanmark;2020-04-19;F;3;0;0;449;7504;1953
Hovedstaden;2020-04-19;M;24;1;9;450;7528;1962
Midtjylland;2020-04-19;M;7;0;1;450;7535;1963
Nordjylland;2020-04-19;M;2;0;0;450;7537;1963
Sjælland;2020-04-19;M;10;3;7;453;7547;1970
Syddanmark;2020-04-19;M;1;0;0;453;7548;1970
Hovedstaden;2020-04-20;F;89;5;8;458;7637;1978
Midtjylland;2020-04-20;F;15;0;1;458;7652;1979
Nordjylland;2020-04-20;F;5;0;0;458;7657;1979
Sjælland;2020-04-20;F;26;1;7;459;7683;1986
Syddanmark;2020-04-20;F;3;0;0;459;7686;1986
Hovedstaden;2020-04-20;M;50;3;11;462;7736;1997
Midtjylland;2020-04-20;M;11;1;2;463;7747;1999
Nordjylland;2020-04-20;M;1;0;0;463;7748;1999
Sjælland;2020-04-20;M;10;1;5;464;7758;2004
Syddanmark;2020-04-20;M;3;2;2;466;7761;2006
Hovedstaden;2020-04-21;F;66;3;10;469;7827;2016
Midtjylland;2020-04-21;F;10;0;0;469;7837;2016
Nordjylland;2020-04-21;F;4;1;0;470;7841;2016
Sjælland;2020-04-21;F;31;1;7;471;7872;2023
Syddanmark;2020-04-21;F;7;0;1;471;7879;2024
Hovedstaden;2020-04-21;M;54;5;6;476;7933;2030
Midtjylland;2020-04-21;M;8;1;2;477;7941;2032
Nordjylland;2020-04-21;M;1;0;0;477;7942;2032
Sjælland;2020-04-21;M;15;1;7;478;7957;2039
Syddanmark;2020-04-21;M;5;0;0;478;7962;2039
Hovedstaden;2020-04-22;F;87;3;9;481;8049;2048
Midtjylland;2020-04-22;F;17;0;2;481;8066;2050
Nordjylland;2020-04-22;F;5;0;0;481;8071;2050
Sjælland;2020-04-22;F;22;2;4;483;8093;2054
Syddanmark;2020-04-22;F;1;0;0;483;8094;2054
Hovedstaden;2020-04-22;M;66;6;12;489;8160;2066
Midtjylland;2020-04-22;M;15;1;4;490;8175;2070
Sjælland;2020-04-22;M;12;1;3;491;8187;2073
Syddanmark;2020-04-22;M;1;0;0;491;8188;2073
Hovedstaden;2020-04-23;F;89;4;10;495;8277;2083
Midtjylland;2020-04-23;F;22;1;1;496;8299;2084
Nordjylland;2020-04-23;F;2;0;0;496;8301;2084
Sjælland;2020-04-23;F;30;1;6;497;8331;2090
Syddanmark;2020-04-23;F;4;0;0;497;8335;2090
Hovedstaden;2020-04-23;M;49;1;7;498;8384;2097
Midtjylland;2020-04-23;M;10;0;1;498;8394;2098
Nordjylland;2020-04-23;M;1;0;0;498;8395;2098
Sjælland;2020-04-23;M;20;0;7;498;8415;2105
Syddanmark;2020-04-23;M;4;0;0;498;8419;2105
Hovedstaden;2020-04-24;F;61;2;8;500;8480;2113
Midtjylland;2020-04-24;F;19;1;1;501;8499;2114
Sjælland;2020-04-24;F;23;2;5;503;8522;2119
Syddanmark;2020-04-24;F;2;0;0;503;8524;2119
Hovedstaden;2020-04-24;M;34;1;4;504;8558;2123
Midtjylland;2020-04-24;M;8;1;0;505;8566;2123
Nordjylland;2020-04-24;M;2;0;0;505;8568;2123
Sjælland;2020-04-24;M;12;1;3;506;8580;2126
Syddanmark;2020-04-24;M;3;0;0;506;8583;2126
Hovedstaden;2020-04-25;F;38;1;5;507;8621;2131
Midtjylland;2020-04-25;F;22;1;0;508;8643;2131
Nordjylland;2020-04-25;F;4;0;1;508;8647;2132
Sjælland;2020-04-25;F;14;1;4;509;8661;2136
Syddanmark;2020-04-25;F;3;0;0;509;8664;2136
Hovedstaden;2020-04-25;M;31;2;6;511;8695;2142
Midtjylland;2020-04-25;M;7;0;1;511;8702;2143
Nordjylland;2020-04-25;M;1;0;0;511;8703;2143
Sjælland;2020-04-25;M;9;2;2;513;8712;2145
Syddanmark;2020-04-25;M;5;0;0;513;8717;2145
Hovedstaden;2020-04-26;F;42;1;12;514;8759;2157
Midtjylland;2020-04-26;F;10;0;0;514;8769;2157
Nordjylland;2020-04-26;F;4;0;0;514;8773;2157
Sjælland;2020-04-26;F;13;0;2;514;8786;2159
Syddanmark;2020-04-26;F;4;0;0;514;8790;2159
Hovedstaden;2020-04-26;M;33;3;7;517;8823;2166
Midtjylland;2020-04-26;M;5;0;2;517;8828;2168
Sjælland;2020-04-26;M;5;1;1;518;8833;2169
Syddanmark;2020-04-26;M;3;0;0;518;8836;2169
Hovedstaden;2020-04-27;F;70;1;2;519;8906;2171
Midtjylland;2020-04-27;F;9;0;1;519;8915;2172
Nordjylland;2020-04-27;F;3;0;0;519;8918;2172
Sjælland;2020-04-27;F;36;4;5;523;8954;2177
Syddanmark;2020-04-27;F;1;0;0;523;8955;2177
Hovedstaden;2020-04-27;M;59;2;7;525;9014;2184
Midtjylland;2020-04-27;M;9;0;2;525;9023;2186
Nordjylland;2020-04-27;M;2;0;0;525;9025;2186
Sjælland;2020-04-27;M;25;5;5;530;9050;2191
Syddanmark;2020-04-27;M;3;0;0;530;9053;2191
Hovedstaden;2020-04-28;F;51;2;7;532;9104;2198
Midtjylland;2020-04-28;F;17;0;0;532;9121;2198
Sjælland;2020-04-28;F;22;0;0;532;9143;2198
Hovedstaden;2020-04-28;M;32;0;3;532;9175;2201
Midtjylland;2020-04-28;M;7;0;0;532;9182;2201
Sjælland;2020-04-28;M;7;0;0;532;9189;2201
Hovedstaden;2020-04-29;F;50;2;6;534;9239;2207
Midtjylland;2020-04-29;F;10;1;1;535;9249;2208
Nordjylland;2020-04-29;F;1;0;0;535;9250;2208
Sjælland;2020-04-29;F;16;0;1;535;9266;2209
Syddanmark;2020-04-29;F;4;0;0;535;9270;2209
Hovedstaden;2020-04-29;M;42;4;11;539;9312;2220
Midtjylland;2020-04-29;M;7;0;0;539;9319;2220
Nordjylland;2020-04-29;M;2;0;0;539;9321;2220
Sjælland;2020-04-29;M;5;1;2;540;9326;2222
Syddanmark;2020-04-29;M;2;0;0;540;9328;2222
Hovedstaden;2020-04-30;F;62;0;6;540;9390;2228
Midtjylland;2020-04-30;F;6;0;1;540;9396;2229
Nordjylland;2020-04-30;F;3;0;0;540;9399;2229
Sjælland;2020-04-30;F;23;0;3;540;9422;2232
Syddanmark;2020-04-30;F;1;0;0;540;9423;2232
Hovedstaden;2020-04-30;M;33;0;5;540;9456;2237
Midtjylland;2020-04-30;M;7;0;0;540;9463;2237
Nordjylland;2020-04-30;M;2;0;1;540;9465;2238
Sjælland;2020-04-30;M;8;0;0;540;9473;2238
Syddanmark;2020-04-30;M;1;0;0;540;9474;2238
Hovedstaden;2020-05-01;F;58;2;3;542;9532;2241
Midtjylland;2020-05-01;F;5;0;0;542;9537;2241
Nordjylland;2020-05-01;F;10;0;0;542;9547;2241
Sjælland;2020-05-01;F;15;1;1;543;9562;2242
Syddanmark;2020-05-01;F;2;0;0;543;9564;2242
Hovedstaden;2020-05-01;M;25;0;2;543;9589;2244
Midtjylland;2020-05-01;M;11;0;1;543;9600;2245
Nordjylland;2020-05-01;M;9;0;0;543;9609;2245
Sjælland;2020-05-01;M;10;1;2;544;9619;2247
Syddanmark;2020-05-01;M;3;0;1;544;9622;2248
Hovedstaden;2020-05-02;F;31;0;2;544;9653;2250
Midtjylland;2020-05-02;F;12;0;3;544;9665;2253
Nordjylland;2020-05-02;F;1;0;0;544;9666;2253
Sjælland;2020-05-02;F;17;0;1;544;9683;2254
Syddanmark;2020-05-02;F;4;0;0;544;9687;2254
Hovedstaden;2020-05-02;M;27;1;4;545;9714;2258
Midtjylland;2020-05-02;M;8;0;1;545;9722;2259
Nordjylland;2020-05-02;M;1;0;0;545;9723;2259
Sjælland;2020-05-02;M;12;1;1;546;9735;2260
Syddanmark;2020-05-02;M;2;0;0;546;9737;2260
Hovedstaden;2020-05-03;F;33;0;7;546;9770;2267
Midtjylland;2020-05-03;F;4;0;1;546;9774;2268
Nordjylland;2020-05-03;F;1;0;0;546;9775;2268
Sjælland;2020-05-03;F;6;0;2;546;9781;2270
Syddanmark;2020-05-03;F;4;0;1;546;9785;2271
Hovedstaden;2020-05-03;M;17;2;2;548;9802;2273
Midtjylland;2020-05-03;M;6;0;1;548;9808;2274
Nordjylland;2020-05-03;M;1;0;0;548;9809;2274
Sjælland;2020-05-03;M;5;1;3;549;9814;2277
Syddanmark;2020-05-03;M;1;0;0;549;9815;2277
Hovedstaden;2020-05-04;F;50;0;3;549;9865;2280
Midtjylland;2020-05-04;F;5;0;1;549;9870;2281
Sjælland;2020-05-04;F;21;1;3;550;9891;2284
Syddanmark;2020-05-04;F;3;0;0;550;9894;2284
Hovedstaden;2020-05-04;M;29;0;3;550;9923;2287
Midtjylland;2020-05-04;M;3;0;1;550;9926;2288
Sjælland;2020-05-04;M;8;0;3;550;9934;2291
Syddanmark;2020-05-04;M;1;0;0;550;9935;2291
Hovedstaden;2020-05-05;F;32;1;4;551;9967;2295
Midtjylland;2020-05-05;F;5;0;0;551;9972;2295
Nordjylland;2020-05-05;F;2;0;0;551;9974;2295
Sjælland;2020-05-05;F;20;2;4;553;9994;2299
Syddanmark;2020-05-05;F;4;0;0;553;9998;2299
Hovedstaden;2020-05-05;M;40;2;5;555;10038;2304
Midtjylland;2020-05-05;M;3;0;0;555;10041;2304
Sjælland;2020-05-05;M;15;0;5;555;10056;2309
Syddanmark;2020-05-05;M;1;0;0;555;10057;2309
Hovedstaden;2020-05-06;F;55;0;1;555;10112;2310
Midtjylland;2020-05-06;F;2;0;0;555;10114;2310
Sjælland;2020-05-06;F;9;0;0;555;10123;2310
Syddanmark;2020-05-06;F;2;0;0;555;10125;2310
Hovedstaden;2020-05-06;M;27;0;4;555;10152;2314
Midtjylland;2020-05-06;M;4;0;0;555;10156;2314
Sjælland;2020-05-06;M;6;0;2;555;10162;2316
Hovedstaden;2020-05-07;F;44;0;2;555;10206;2318
Midtjylland;2020-05-07;F;5;0;0;555;10211;2318
Sjælland;2020-05-07;F;19;0;3;555;10230;2321
Syddanmark;2020-05-07;F;1;0;0;555;10231;2321
Hovedstaden;2020-05-07;M;32;0;4;555;10263;2325
Midtjylland;2020-05-07;M;5;0;0;555;10268;2325
Nordjylland;2020-05-07;M;1;0;0;555;10269;2325
Sjælland;2020-05-07;M;13;2;4;557;10282;2329
Syddanmark;2020-05-07;M;2;0;0;557;10284;2329
Hovedstaden;2020-05-08;F;31;3;4;560;10315;2333
Midtjylland;2020-05-08;F;4;0;0;560;10319;2333
Sjælland;2020-05-08;F;4;0;0;560;10323;2333
Syddanmark;2020-05-08;F;1;0;0;560;10324;2333
Hovedstaden;2020-05-08;M;21;1;4;561;10345;2337
Midtjylland;2020-05-08;M;1;0;0;561;10346;2337
Sjælland;2020-05-08;M;5;0;0;561;10351;2337
Syddanmark;2020-05-08;M;2;0;0;561;10353;2337
Hovedstaden;2020-05-09;F;24;1;5;562;10377;2342
Midtjylland;2020-05-09;F;2;0;2;562;10379;2344
Nordjylland;2020-05-09;F;1;0;0;562;10380;2344
Sjælland;2020-05-09;F;7;0;0;562;10387;2344
Hovedstaden;2020-05-09;M;24;1;5;563;10411;2349
Midtjylland;2020-05-09;M;2;0;0;563;10413;2349
Sjælland;2020-05-09;M;4;0;1;563;10417;2350
Hovedstaden;2020-05-10;F;20;0;2;563;10437;2352
Midtjylland;2020-05-10;F;2;0;0;563;10439;2352
Nordjylland;2020-05-10;F;2;0;0;563;10441;2352
Sjælland;2020-05-10;F;4;0;0;563;10445;2352
Syddanmark;2020-05-10;F;3;0;0;563;10448;2352
Hovedstaden;2020-05-10;M;18;0;2;563;10466;2354
Midtjylland;2020-05-10;M;1;0;0;563;10467;2354
Nordjylland;2020-05-10;M;2;0;0;563;10469;2354
Sjælland;2020-05-10;M;4;1;1;564;10473;2355
Syddanmark;2020-05-10;M;1;1;1;565;10474;2356
Hovedstaden;2020-05-11;F;28;0;4;565;10502;2360
Midtjylland;2020-05-11;F;2;0;1;565;10504;2361
Sjælland;2020-05-11;F;5;0;1;565;10509;2362
Syddanmark;2020-05-11;F;5;0;0;565;10514;2362
Hovedstaden;2020-05-11;M;22;0;1;565;10536;2363
Midtjylland;2020-05-11;M;1;0;0;565;10537;2363
Nordjylland;2020-05-11;M;1;0;0;565;10538;2363
Sjælland;2020-05-11;M;7;0;1;565;10545;2364
Syddanmark;2020-05-11;M;7;1;2;566;10552;2366
Hovedstaden;2020-05-12;F;20;0;4;566;10572;2370
Nordjylland;2020-05-12;F;1;0;0;566;10573;2370
Sjælland;2020-05-12;F;9;0;1;566;10582;2371
Syddanmark;2020-05-12;F;6;0;0;566;10588;2371
Hovedstaden;2020-05-12;M;15;1;1;567;10603;2372
Midtjylland;2020-05-12;M;1;0;0;567;10604;2372
Sjælland;2020-05-12;M;1;0;0;567;10605;2372
Syddanmark;2020-05-12;M;3;0;0;567;10608;2372
Hovedstaden;2020-05-13;F;26;1;1;568;10634;2373
Midtjylland;2020-05-13;F;3;0;1;568;10637;2374
Sjælland;2020-05-13;F;7;0;1;568;10644;2375
Syddanmark;2020-05-13;F;5;0;1;568;10649;2376
Hovedstaden;2020-05-13;M;15;0;0;568;10664;2376
Midtjylland;2020-05-13;M;1;0;0;568;10665;2376
Nordjylland;2020-05-13;M;1;0;0;568;10666;2376
Sjælland;2020-05-13;M;6;0;0;568;10672;2376
Syddanmark;2020-05-13;M;1;0;0;568;10673;2376
Hovedstaden;2020-05-14;F;22;0;2;568;10695;2378
Midtjylland;2020-05-14;F;1;0;0;568;10696;2378
Sjælland;2020-05-14;F;11;0;2;568;10707;2380
Syddanmark;2020-05-14;F;3;0;1;568;10710;2381
Hovedstaden;2020-05-14;M;13;0;2;568;10723;2383
Midtjylland;2020-05-14;M;3;0;0;568;10726;2383
Sjælland;2020-05-14;M;3;0;0;568;10729;2383
Syddanmark;2020-05-14;M;5;1;4;569;10734;2387
Hovedstaden;2020-05-15;F;26;1;2;570;10760;2389
Midtjylland;2020-05-15;F;4;0;0;570;10764;2389
Nordjylland;2020-05-15;F;1;0;1;570;10765;2390
Sjælland;2020-05-15;F;5;1;3;571;10770;2393
Syddanmark;2020-05-15;F;3;0;0;571;10773;2393
Hovedstaden;2020-05-15;M;32;0;3;571;10805;2396
Sjælland;2020-05-15;M;9;2;2;573;10814;2398
Syddanmark;2020-05-15;M;9;1;1;574;10823;2399
Hovedstaden;2020-05-16;F;8;0;0;574;10831;2399
Midtjylland;2020-05-16;F;3;0;1;574;10834;2400
Nordjylland;2020-05-16;F;1;0;0;574;10835;2400
Sjælland;2020-05-16;F;5;1;1;575;10840;2401
Syddanmark;2020-05-16;F;1;0;0;575;10841;2401
Hovedstaden;2020-05-16;M;10;0;0;575;10851;2401
Midtjylland;2020-05-16;M;1;0;0;575;10852;2401
Sjælland;2020-05-16;M;3;0;1;575;10855;2402
Syddanmark;2020-05-16;M;2;0;1;575;10857;2403
Hovedstaden;2020-05-17;F;18;0;2;575;10875;2405
Midtjylland;2020-05-17;F;5;0;2;575;10880;2407
Sjælland;2020-05-17;F;5;0;0;575;10885;2407
Syddanmark;2020-05-17;F;3;0;0;575;10888;2407
Hovedstaden;2020-05-17;M;13;0;1;575;10901;2408
Midtjylland;2020-05-17;M;3;0;0;575;10904;2408
Sjælland;2020-05-17;M;2;0;0;575;10906;2408
Syddanmark;2020-05-17;M;1;0;0;575;10907;2408
Hovedstaden;2020-05-18;F;31;1;3;576;10938;2411
Midtjylland;2020-05-18;F;4;0;2;576;10942;2413
Sjælland;2020-05-18;F;5;0;1;576;10947;2414
Syddanmark;2020-05-18;F;4;0;1;576;10951;2415
Hovedstaden;2020-05-18;M;23;1;1;577;10974;2416
Midtjylland;2020-05-18;M;3;0;1;577;10977;2417
Nordjylland;2020-05-18;M;1;0;0;577;10978;2417
Sjælland;2020-05-18;M;3;0;0;577;10981;2417
Syddanmark;2020-05-18;M;6;0;0;577;10987;2417
Hovedstaden;2020-05-19;F;23;0;2;577;11010;2419
Midtjylland;2020-05-19;F;1;0;1;577;11011;2420
Sjælland;2020-05-19;F;5;0;0;577;11016;2420
Syddanmark;2020-05-19;F;3;0;1;577;11019;2421
Hovedstaden;2020-05-19;M;18;1;1;578;11037;2422
Midtjylland;2020-05-19;M;4;0;0;578;11041;2422
Nordjylland;2020-05-19;M;2;0;0;578;11043;2422
Sjælland;2020-05-19;M;3;0;1;578;11046;2423
Syddanmark;2020-05-19;M;1;0;0;578;11047;2423
Hovedstaden;2020-05-20;F;27;2;4;580;11074;2427
Nordjylland;2020-05-20;F;1;0;0;580;11075;2427
Sjælland;2020-05-20;F;7;0;0;580;11082;2427
Syddanmark;2020-05-20;F;4;0;0;580;11086;2427
Hovedstaden;2020-05-20;M;25;2;3;582;11111;2430
Sjælland;2020-05-20;M;5;1;2;583;11116;2432
Hovedstaden;2020-05-21;F;11;0;1;583;11127;2433
Midtjylland;2020-05-21;F;1;0;1;583;11128;2434
Nordjylland;2020-05-21;F;1;0;1;583;11129;2435
Sjælland;2020-05-21;F;4;0;1;583;11133;2436
Hovedstaden;2020-05-21;M;13;0;2;583;11146;2438
Sjælland;2020-05-21;M;1;0;1;583;11147;2439
Hovedstaden;2020-05-22;F;29;3;7;586;11176;2446
Midtjylland;2020-05-22;F;1;0;0;586;11177;2446
Nordjylland;2020-05-22;F;2;0;0;586;11179;2446
Sjælland;2020-05-22;F;6;0;1;586;11185;2447
Syddanmark;2020-05-22;F;1;0;0;586;11186;2447
Hovedstaden;2020-05-22;M;19;1;4;587;11205;2451
Midtjylland;2020-05-22;M;2;0;1;587;11207;2452
Sjælland;2020-05-22;M;8;1;2;588;11215;2454
Syddanmark;2020-05-22;M;3;0;0;588;11218;2454
Hovedstaden;2020-05-23;F;14;0;2;588;11232;2456
Midtjylland;2020-05-23;F;1;0;0;588;11233;2456
Sjælland;2020-05-23;F;3;1;1;589;11236;2457
Hovedstaden;2020-05-23;M;15;0;3;589;11251;2460
Midtjylland;2020-05-23;M;1;0;1;589;11252;2461
Sjælland;2020-05-23;M;1;0;0;589;11253;2461
Hovedstaden;2020-05-24;F;15;0;2;589;11268;2463
Sjælland;2020-05-24;F;5;0;1;589;11273;2464
Syddanmark;2020-05-24;F;1;0;0;589;11274;2464
Hovedstaden;2020-05-24;M;13;0;3;589;11287;2467
Hovedstaden;2020-05-25;F;25;1;3;590;11312;2470
Midtjylland;2020-05-25;F;1;0;0;590;11313;2470
Sjælland;2020-05-25;F;2;0;0;590;11315;2470
Syddanmark;2020-05-25;F;2;0;1;590;11317;2471
Hovedstaden;2020-05-25;M;18;0;0;590;11335;2471
Nordjylland;2020-05-25;M;1;0;0;590;11336;2471
Sjælland;2020-05-25;M;3;0;0;590;11339;2471
Hovedstaden;2020-05-26;F;27;2;5;592;11366;2476
Nordjylland;2020-05-26;F;2;0;0;592;11368;2476
Sjælland;2020-05-26;F;7;0;0;592;11375;2476
Syddanmark;2020-05-26;F;3;0;2;592;11378;2478
Hovedstaden;2020-05-26;M;19;0;4;592;11397;2482
Midtjylland;2020-05-26;M;2;0;0;592;11399;2482
Syddanmark;2020-05-26;M;2;0;1;592;11401;2483
Hovedstaden;2020-05-27;F;24;1;3;593;11425;2486
Midtjylland;2020-05-27;F;1;0;0;593;11426;2486
Sjælland;2020-05-27;F;2;0;0;593;11428;2486
Hovedstaden;2020-05-27;M;18;1;5;594;11446;2491
Midtjylland;2020-05-27;M;1;0;0;594;11447;2491
Sjælland;2020-05-27;M;6;0;2;594;11453;2493
Hovedstaden;2020-05-28;F;19;0;2;594;11472;2495
Sjælland;2020-05-28;F;5;0;2;594;11477;2497
Syddanmark;2020-05-28;F;1;0;0;594;11478;2497
Hovedstaden;2020-05-28;M;9;1;3;595;11487;2500
Sjælland;2020-05-28;M;2;0;0;595;11489;2500
Syddanmark;2020-05-28;M;1;0;0;595;11490;2500
Hovedstaden;2020-05-29;F;15;1;1;596;11505;2501
Sjælland;2020-05-29;F;3;0;1;596;11508;2502
Syddanmark;2020-05-29;F;1;0;0;596;11509;2502
Hovedstaden;2020-05-29;M;13;2;2;598;11522;2504
Sjælland;2020-05-29;M;8;0;2;598;11530;2506
Syddanmark;2020-05-29;M;2;0;0;598;11532;2506
Hovedstaden;2020-05-30;F;9;0;2;598;11541;2508
Sjælland;2020-05-30;F;7;0;1;598;11548;2509
Hovedstaden;2020-05-30;M;14;1;2;599;11562;2511
Sjælland;2020-05-30;M;2;0;0;599;11564;2511
Syddanmark;2020-05-30;M;1;0;1;599;11565;2512
Hovedstaden;2020-05-31;F;10;0;1;599;11575;2513
Sjælland;2020-05-31;F;5;0;0;599;11580;2513
Hovedstaden;2020-05-31;M;6;0;0;599;11586;2513
Sjælland;2020-05-31;M;1;0;0;599;11587;2513
Hovedstaden;2020-06-01;F;16;0;1;599;11603;2514
Sjælland;2020-06-01;F;2;0;0;599;11605;2514
Hovedstaden;2020-06-01;M;6;0;1;599;11611;2515
Midtjylland;2020-06-01;M;3;0;1;599;11614;2516
Sjælland;2020-06-01;M;6;0;2;599;11620;2518
Syddanmark;2020-06-01;M;2;0;1;599;11622;2519
Hovedstaden;2020-06-02;F;23;0;0;599;11645;2519
Midtjylland;2020-06-02;F;2;0;0;599;11647;2519
Sjælland;2020-06-02;F;12;0;1;599;11659;2520
Syddanmark;2020-06-02;F;3;0;0;599;11662;2520
Hovedstaden;2020-06-02;M;9;0;0;599;11671;2520
Midtjylland;2020-06-02;M;1;0;0;599;11672;2520
Sjælland;2020-06-02;M;4;0;1;599;11676;2521
Syddanmark;2020-06-02;M;1;0;0;599;11677;2521
Hovedstaden;2020-06-03;F;24;0;1;599;11701;2522
Sjælland;2020-06-03;F;9;0;1;599;11710;2523
Syddanmark;2020-06-03;F;1;0;0;599;11711;2523
Hovedstaden;2020-06-03;M;9;0;0;599;11720;2523
Sjælland;2020-06-03;M;9;0;0;599;11729;2523
Hovedstaden;2020-06-04;F;18;0;1;599;11747;2524
Sjælland;2020-06-04;F;4;0;0;599;11751;2524
Syddanmark;2020-06-04;F;1;0;0;599;11752;2524
Hovedstaden;2020-06-04;M;9;1;1;600;11761;2525
Midtjylland;2020-06-04;M;5;0;0;600;11766;2525
Sjælland;2020-06-04;M;2;0;0;600;11768;2525
Syddanmark;2020-06-04;M;3;1;1;601;11771;2526
Hovedstaden;2020-06-05;F;14;0;2;601;11785;2528
Sjælland;2020-06-05;F;2;0;0;601;11787;2528
Hovedstaden;2020-06-05;M;14;0;1;601;11801;2529
Sjælland;2020-06-05;M;2;0;0;601;11803;2529
Syddanmark;2020-06-05;M;2;0;2;601;11805;2531
Hovedstaden;2020-06-06;F;7;0;1;601;11812;2532
Midtjylland;2020-06-06;F;1;0;0;601;11813;2532
Sjælland;2020-06-06;F;2;0;0;601;11815;2532
Hovedstaden;2020-06-06;M;4;0;0;601;11819;2532
Syddanmark;2020-06-06;M;1;0;0;601;11820;2532
Hovedstaden;2020-06-07;F;4;0;1;601;11824;2533
Hovedstaden;2020-06-07;M;10;0;1;601;11834;2534
Hovedstaden;2020-06-08;F;14;0;1;601;11848;2535
Midtjylland;2020-06-08;F;1;0;0;601;11849;2535
Nordjylland;2020-06-08;F;1;0;0;601;11850;2535
Sjælland;2020-06-08;F;1;0;0;601;11851;2535
Syddanmark;2020-06-08;F;3;0;0;601;11854;2535
Hovedstaden;2020-06-08;M;15;1;2;602;11869;2537
Midtjylland;2020-06-08;M;2;0;0;602;11871;2537
Sjælland;2020-06-08;M;1;0;0;602;11872;2537
Syddanmark;2020-06-08;M;5;0;0;602;11877;2537
Hovedstaden;2020-06-09;F;10;0;0;602;11887;2537
Sjælland;2020-06-09;F;3;0;0;602;11890;2537
Hovedstaden;2020-06-09;M;11;0;0;602;11901;2537
Midtjylland;2020-06-09;M;1;0;0;602;11902;2537
Sjælland;2020-06-09;M;1;0;0;602;11903;2537
Syddanmark;2020-06-09;M;2;0;0;602;11905;2537
Hovedstaden;2020-06-10;F;10;0;1;602;11915;2538
Midtjylland;2020-06-10;F;2;0;1;602;11917;2539
Nordjylland;2020-06-10;F;6;0;1;602;11923;2540
Sjælland;2020-06-10;F;3;0;1;602;11926;2541
Syddanmark;2020-06-10;F;1;0;0;602;11927;2541
Hovedstaden;2020-06-10;M;9;0;0;602;11936;2541
Nordjylland;2020-06-10;M;3;1;0;603;11939;2541
Sjælland;2020-06-10;M;4;0;0;603;11943;2541
Hovedstaden;2020-06-11;F;19;0;0;603;11962;2541
Midtjylland;2020-06-11;F;1;0;0;603;11963;2541
Nordjylland;2020-06-11;F;1;0;0;603;11964;2541
Sjælland;2020-06-11;F;6;0;0;603;11970;2541
Hovedstaden;2020-06-11;M;17;0;2;603;11987;2543
Nordjylland;2020-06-11;M;1;0;1;603;11988;2544
Sjælland;2020-06-11;M;3;0;0;603;11991;2544
Hovedstaden;2020-06-12;F;13;0;1;603;12004;2545
Midtjylland;2020-06-12;F;2;0;0;603;12006;2545
Nordjylland;2020-06-12;F;19;1;4;604;12025;2549
Sjælland;2020-06-12;F;2;1;1;605;12027;2550
Hovedstaden;2020-06-12;M;13;0;2;605;12040;2552
Midtjylland;2020-06-12;M;2;0;0;605;12042;2552
Nordjylland;2020-06-12;M;6;0;1;605;12048;2553
Sjælland;2020-06-12;M;2;0;1;605;12050;2554
Syddanmark;2020-06-12;M;1;0;0;605;12051;2554
Hovedstaden;2020-06-13;F;7;0;1;605;12058;2555
Midtjylland;2020-06-13;F;2;0;0;605;12060;2555
Sjælland;2020-06-13;F;3;0;1;605;12063;2556
Hovedstaden;2020-06-13;M;12;1;3;606;12075;2559
Sjælland;2020-06-13;M;3;0;1;606;12078;2560
Hovedstaden;2020-06-14;F;3;0;0;606;12081;2560
Midtjylland;2020-06-14;F;1;0;0;606;12082;2560
Nordjylland;2020-06-14;F;5;0;1;606;12087;2561
Hovedstaden;2020-06-14;M;6;0;1;606;12093;2562
Nordjylland;2020-06-14;M;3;1;1;607;12096;2563
Sjælland;2020-06-14;M;2;0;0;607;12098;2563
Hovedstaden;2020-06-15;F;15;1;3;608;12113;2566
Nordjylland;2020-06-15;F;2;0;0;608;12115;2566
Sjælland;2020-06-15;F;1;0;0;608;12116;2566
Hovedstaden;2020-06-15;M;16;1;2;609;12132;2568
Midtjylland;2020-06-15;M;1;0;1;609;12133;2569
Nordjylland;2020-06-15;M;1;0;0;609;12134;2569
Sjælland;2020-06-15;M;3;0;0;609;12137;2569
Hovedstaden;2020-06-16;F;15;0;0;609;12152;2569
Midtjylland;2020-06-16;F;4;0;1;609;12156;2570
Nordjylland;2020-06-16;F;3;0;1;609;12159;2571
Sjælland;2020-06-16;F;4;0;1;609;12163;2572
Hovedstaden;2020-06-16;M;10;0;2;609;12173;2574
Midtjylland;2020-06-16;M;1;0;0;609;12174;2574
Nordjylland;2020-06-16;M;4;0;0;609;12178;2574
Sjælland;2020-06-16;M;3;0;1;609;12181;2575
Syddanmark;2020-06-16;M;1;0;0;609;12182;2575
Hovedstaden;2020-06-17;F;21;0;1;609;12203;2576
Midtjylland;2020-06-17;F;1;0;0;609;12204;2576
Nordjylland;2020-06-17;F;14;0;2;609;12218;2578
Sjælland;2020-06-17;F;7;0;0;609;12225;2578
Syddanmark;2020-06-17;F;1;0;0;609;12226;2578
Hovedstaden;2020-06-17;M;20;0;1;609;12246;2579
Midtjylland;2020-06-17;M;2;0;0;609;12248;2579
Nordjylland;2020-06-17;M;2;0;1;609;12250;2580
Sjælland;2020-06-17;M;5;0;1;609;12255;2581
Syddanmark;2020-06-17;M;1;0;1;609;12256;2582
Hovedstaden;2020-06-18;F;17;0;0;609;12273;2582
Midtjylland;2020-06-18;F;1;0;0;609;12274;2582
Nordjylland;2020-06-18;F;1;0;0;609;12275;2582
Sjælland;2020-06-18;F;4;0;2;609;12279;2584
Hovedstaden;2020-06-18;M;18;0;0;609;12297;2584
Nordjylland;2020-06-18;M;1;0;0;609;12298;2584
Sjælland;2020-06-18;M;2;0;0;609;12300;2584
Syddanmark;2020-06-18;M;1;0;0;609;12301;2584
Hovedstaden;2020-06-19;F;15;0;2;609;12316;2586
Sjælland;2020-06-19;F;7;0;1;609;12323;2587
Hovedstaden;2020-06-19;M;9;0;0;609;12332;2587
Midtjylland;2020-06-19;M;2;0;0;609;12334;2587
Nordjylland;2020-06-19;M;1;0;0;609;12335;2587
Sjælland;2020-06-19;M;8;0;0;609;12343;2587
Hovedstaden;2020-06-20;F;18;0;0;609;12361;2587
Nordjylland;2020-06-20;F;2;0;0;609;12363;2587
Sjælland;2020-06-20;F;3;0;0;609;12366;2587
Hovedstaden;2020-06-20;M;12;0;0;609;12378;2587
Midtjylland;2020-06-20;M;2;0;0;609;12380;2587
Sjælland;2020-06-20;M;1;0;0;609;12381;2587
Hovedstaden;2020-06-21;F;16;0;0;609;12397;2587
Nordjylland;2020-06-21;F;1;0;1;609;12398;2588
Syddanmark;2020-06-21;F;1;0;0;609;12399;2588
Hovedstaden;2020-06-21;M;9;0;1;609;12408;2589
Midtjylland;2020-06-21;M;1;0;0;609;12409;2589
Nordjylland;2020-06-21;M;2;0;2;609;12411;2591
Sjælland;2020-06-21;M;1;0;0;609;12412;2591
Hovedstaden;2020-06-22;F;22;0;1;609;12434;2592
Nordjylland;2020-06-22;F;2;0;1;609;12436;2593
Sjælland;2020-06-22;F;1;0;0;609;12437;2593
Hovedstaden;2020-06-22;M;17;0;1;609;12454;2594
Midtjylland;2020-06-22;M;1;0;0;609;12455;2594
Nordjylland;2020-06-22;M;1;0;0;609;12456;2594
Sjælland;2020-06-22;M;1;0;1;609;12457;2595
Hovedstaden;2020-06-23;F;4;0;1;609;12461;2596
Midtjylland;2020-06-23;F;3;0;0;609;12464;2596
Nordjylland;2020-06-23;F;1;0;0;609;12465;2596
Syddanmark;2020-06-23;F;2;0;0;609;12467;2596
Hovedstaden;2020-06-23;M;4;0;0;609;12471;2596
Midtjylland;2020-06-23;M;1;0;0;609;12472;2596
Nordjylland;2020-06-23;M;3;0;1;609;12475;2597
Sjælland;2020-06-23;M;1;0;0;609;12476;2597
Hovedstaden;2020-06-24;F;9;0;2;609;12485;2599
Midtjylland;2020-06-24;F;2;0;0;609;12487;2599
Nordjylland;2020-06-24;F;7;0;1;609;12494;2600
Sjælland;2020-06-24;F;2;0;1;609;12496;2601
Syddanmark;2020-06-24;F;1;0;0;609;12497;2601
Hovedstaden;2020-06-24;M;6;0;1;609;12503;2602
Midtjylland;2020-06-24;M;1;0;0;609;12504;2602
Nordjylland;2020-06-24;M;10;0;4;609;12514;2606
Sjælland;2020-06-24;M;3;0;0;609;12517;2606
Syddanmark;2020-06-24;M;4;0;1;609;12521;2607
Hovedstaden;2020-06-25;F;12;0;0;609;12533;2607
Midtjylland;2020-06-25;F;3;0;0;609;12536;2607
Nordjylland;2020-06-25;F;2;0;0;609;12538;2607
Hovedstaden;2020-06-25;M;6;0;0;609;12544;2607
Midtjylland;2020-06-25;M;2;0;1;609;12546;2608
Nordjylland;2020-06-25;M;3;0;0;609;12549;2608
Sjælland;2020-06-25;M;1;0;1;609;12550;2609
Syddanmark;2020-06-25;M;1;0;0;609;12551;2609
Hovedstaden;2020-06-26;F;5;0;0;609;12556;2609
Midtjylland;2020-06-26;F;1;0;0;609;12557;2609
Nordjylland;2020-06-26;F;1;0;0;609;12558;2609
Syddanmark;2020-06-26;F;1;0;0;609;12559;2609
Hovedstaden;2020-06-26;M;7;0;2;609;12566;2611
Midtjylland;2020-06-26;M;2;0;0;609;12568;2611
Nordjylland;2020-06-26;M;1;0;0;609;12569;2611
Sjælland;2020-06-26;M;2;0;0;609;12571;2611
Hovedstaden;2020-06-27;F;1;0;0;609;12572;2611
Midtjylland;2020-06-27;F;1;0;1;609;12573;2612
Nordjylland;2020-06-27;F;4;0;1;609;12577;2613
Hovedstaden;2020-06-27;M;5;0;0;609;12582;2613
Midtjylland;2020-06-27;M;2;0;0;609;12584;2613
Nordjylland;2020-06-27;M;5;0;2;609;12589;2615
Hovedstaden;2020-06-28;F;3;0;0;609;12592;2615
Midtjylland;2020-06-28;F;2;0;0;609;12594;2615
Nordjylland;2020-06-28;F;1;0;0;609;12595;2615
Hovedstaden;2020-06-28;M;2;0;1;609;12597;2616
Midtjylland;2020-06-28;M;2;0;0;609;12599;2616
Syddanmark;2020-06-28;M;1;0;0;609;12600;2616
Hovedstaden;2020-06-29;F;11;0;0;609;12611;2616
Midtjylland;2020-06-29;F;1;0;0;609;12612;2616
Nordjylland;2020-06-29;F;1;0;0;609;12613;2616
Syddanmark;2020-06-29;F;2;0;0;609;12615;2616
Hovedstaden;2020-06-29;M;9;0;0;609;12624;2616
Nordjylland;2020-06-29;M;1;0;0;609;12625;2616
Sjælland;2020-06-29;M;2;0;0;609;12627;2616
Hovedstaden;2020-06-30;F;4;0;0;609;12631;2616
Midtjylland;2020-06-30;F;1;0;0;609;12632;2616
Nordjylland;2020-06-30;F;5;0;1;609;12637;2617
Sjælland;2020-06-30;F;2;0;0;609;12639;2617
Syddanmark;2020-06-30;F;1;0;0;609;12640;2617
Hovedstaden;2020-06-30;M;6;0;2;609;12646;2619
Midtjylland;2020-06-30;M;1;0;0;609;12647;2619
Nordjylland;2020-06-30;M;1;0;1;609;12648;2620
Sjælland;2020-06-30;M;2;0;0;609;12650;2620
Hovedstaden;2020-07-01;F;2;0;0;609;12652;2620
Nordjylland;2020-07-01;F;1;0;0;609;12653;2620
Hovedstaden;2020-07-01;M;4;0;1;609;12657;2621
Midtjylland;2020-07-01;M;2;0;0;609;12659;2621
Nordjylland;2020-07-01;M;1;0;0;609;12660;2621
Hovedstaden;2020-07-02;F;8;0;0;609;12668;2621
Midtjylland;2020-07-02;F;1;0;0;609;12669;2621
Hovedstaden;2020-07-02;M;6;1;1;610;12675;2622
Hovedstaden;2020-07-03;F;5;1;0;611;12680;2622
Nordjylland;2020-07-03;F;3;0;0;611;12683;2622
Hovedstaden;2020-07-03;M;6;0;0;611;12689;2622
Midtjylland;2020-07-03;M;1;0;0;611;12690;2622
Nordjylland;2020-07-03;M;2;0;0;611;12692;2622
Hovedstaden;2020-07-04;F;2;0;0;611;12694;2622
Hovedstaden;2020-07-04;M;8;0;0;611;12702;2622
Nordjylland;2020-07-04;M;1;0;0;611;12703;2622
Syddanmark;2020-07-04;M;2;0;0;611;12705;2622
Hovedstaden;2020-07-05;F;6;0;0;611;12711;2622
Hovedstaden;2020-07-05;M;2;0;0;611;12713;2622
Midtjylland;2020-07-05;M;1;0;0;611;12714;2622
Nordjylland;2020-07-05;M;1;0;0;611;12715;2622
Syddanmark;2020-07-05;M;1;0;1;611;12716;2623
Hovedstaden;2020-07-06;F;2;0;1;611;12718;2624
Nordjylland;2020-07-06;F;1;0;0;611;12719;2624
Hovedstaden;2020-07-06;M;3;0;0;611;12722;2624
Nordjylland;2020-07-06;M;1;0;0;611;12723;2624
Sjælland;2020-07-06;M;1;0;1;611;12724;2625
Syddanmark;2020-07-06;M;1;0;0;611;12725;2625
Hovedstaden;2020-07-07;F;1;0;0;611;12726;2625
Midtjylland;2020-07-07;F;1;0;0;611;12727;2625
Nordjylland;2020-07-07;F;1;0;0;611;12728;2625
Syddanmark;2020-07-07;F;1;0;0;611;12729;2625
Hovedstaden;2020-07-07;M;8;0;2;611;12737;2627
Nordjylland;2020-07-07;M;1;0;0;611;12738;2627
Hovedstaden;2020-07-08;F;10;0;1;611;12748;2628
Nordjylland;2020-07-08;F;3;0;1;611;12751;2629
Sjælland;2020-07-08;F;2;0;0;611;12753;2629
Hovedstaden;2020-07-08;M;9;0;0;611;12762;2629
Midtjylland;2020-07-08;M;1;0;0;611;12763;2629
Syddanmark;2020-07-08;M;1;0;1;611;12764;2630
Hovedstaden;2020-07-09;F;12;0;2;611;12776;2632
Midtjylland;2020-07-09;F;3;0;1;611;12779;2633
Nordjylland;2020-07-09;F;4;0;0;611;12783;2633
Sjælland;2020-07-09;F;5;0;1;611;12788;2634
Hovedstaden;2020-07-09;M;10;0;1;611;12798;2635
Midtjylland;2020-07-09;M;1;0;0;611;12799;2635
Nordjylland;2020-07-09;M;2;0;0;611;12801;2635
Sjælland;2020-07-09;M;4;0;0;611;12805;2635
Hovedstaden;2020-07-10;F;11;0;0;611;12816;2635
Nordjylland;2020-07-10;F;1;0;0;611;12817;2635
Sjælland;2020-07-10;F;1;0;0;611;12818;2635
Syddanmark;2020-07-10;F;1;0;0;611;12819;2635
Hovedstaden;2020-07-10;M;12;0;0;611;12831;2635
Nordjylland;2020-07-10;M;2;1;1;612;12833;2636
Sjælland;2020-07-10;M;3;0;0;612;12836;2636
Syddanmark;2020-07-10;M;2;0;0;612;12838;2636
Hovedstaden;2020-07-11;F;12;1;1;613;12850;2637
Sjælland;2020-07-11;F;1;0;0;613;12851;2637
Syddanmark;2020-07-11;F;2;0;0;613;12853;2637
Hovedstaden;2020-07-11;M;8;0;1;613;12861;2638
Sjælland;2020-07-11;M;1;0;0;613;12862;2638
Hovedstaden;2020-07-12;F;9;0;1;613;12871;2639
Nordjylland;2020-07-12;F;1;0;0;613;12872;2639
Sjælland;2020-07-12;F;1;0;0;613;12873;2639
Hovedstaden;2020-07-12;M;5;0;1;613;12878;2640
Midtjylland;2020-07-12;M;1;0;0;613;12879;2640
Nordjylland;2020-07-12;M;1;0;0;613;12880;2640
Sjælland;2020-07-12;M;4;0;0;613;12884;2640
Hovedstaden;2020-07-13;F;10;0;0;613;12894;2640
Midtjylland;2020-07-13;F;3;0;0;613;12897;2640
Sjælland;2020-07-13;F;7;0;3;613;12904;2643
Syddanmark;2020-07-13;F;1;0;0;613;12905;2643
Hovedstaden;2020-07-13;M;5;0;0;613;12910;2643
Midtjylland;2020-07-13;M;3;0;0;613;12913;2643
Sjælland;2020-07-13;M;2;0;0;613;12915;2643
Syddanmark;2020-07-13;M;1;0;0;613;12916;2643
Hovedstaden;2020-07-14;F;13;0;0;613;12929;2643
Midtjylland;2020-07-14;F;2;0;0;613;12931;2643
Sjælland;2020-07-14;F;2;0;0;613;12933;2643
Syddanmark;2020-07-14;F;2;0;0;613;12935;2643
Hovedstaden;2020-07-14;M;6;0;0;613;12941;2643
Midtjylland;2020-07-14;M;2;0;0;613;12943;2643
Nordjylland;2020-07-14;M;1;0;0;613;12944;2643
Sjælland;2020-07-14;M;3;0;0;613;12947;2643
Syddanmark;2020-07-14;M;2;0;0;613;12949;2643
Hovedstaden;2020-07-15;F;17;0;0;613;12966;2643
Midtjylland;2020-07-15;F;1;0;0;613;12967;2643
Nordjylland;2020-07-15;F;1;0;0;613;12968;2643
Sjælland;2020-07-15;F;2;0;0;613;12970;2643
Syddanmark;2020-07-15;F;1;0;0;613;12971;2643
Hovedstaden;2020-07-15;M;14;0;4;613;12985;2647
Midtjylland;2020-07-15;M;2;0;1;613;12987;2648
Nordjylland;2020-07-15;M;1;0;0;613;12988;2648
Sjælland;2020-07-15;M;2;0;1;613;12990;2649
Syddanmark;2020-07-15;M;1;0;0;613;12991;2649
Hovedstaden;2020-07-16;F;16;1;1;614;13007;2650
Midtjylland;2020-07-16;F;3;0;0;614;13010;2650
Sjælland;2020-07-16;F;3;0;0;614;13013;2650
Syddanmark;2020-07-16;F;4;0;0;614;13017;2650
Hovedstaden;2020-07-16;M;17;0;2;614;13034;2652
Midtjylland;2020-07-16;M;2;0;0;614;13036;2652
Sjælland;2020-07-16;M;6;0;0;614;13042;2652
Syddanmark;2020-07-16;M;1;0;0;614;13043;2652
Hovedstaden;2020-07-17;F;8;0;0;614;13051;2652
Midtjylland;2020-07-17;F;1;0;0;614;13052;2652
Nordjylland;2020-07-17;F;1;0;0;614;13053;2652
Sjælland;2020-07-17;F;5;0;0;614;13058;2652
Hovedstaden;2020-07-17;M;11;0;1;614;13069;2653
Nordjylland;2020-07-17;M;1;0;0;614;13070;2653
Sjælland;2020-07-17;M;5;0;0;614;13075;2653
Hovedstaden;2020-07-18;F;17;0;3;614;13092;2656
Sjælland;2020-07-18;F;7;0;0;614;13099;2656
Hovedstaden;2020-07-18;M;13;0;0;614;13112;2656
Sjælland;2020-07-18;M;6;0;1;614;13118;2657
Hovedstaden;2020-07-19;F;15;0;2;614;13133;2659
Nordjylland;2020-07-19;F;1;0;0;614;13134;2659
Sjælland;2020-07-19;F;3;0;0;614;13137;2659
Hovedstaden;2020-07-19;M;3;0;0;614;13140;2659
Midtjylland;2020-07-19;M;1;0;0;614;13141;2659
Nordjylland;2020-07-19;M;1;0;0;614;13142;2659
Sjælland;2020-07-19;M;4;0;1;614;13146;2660
Hovedstaden;2020-07-20;F;11;0;0;614;13157;2660
Midtjylland;2020-07-20;F;1;0;0;614;13158;2660
Sjælland;2020-07-20;F;4;0;0;614;13162;2660
Syddanmark;2020-07-20;F;1;0;0;614;13163;2660
Hovedstaden;2020-07-20;M;10;0;0;614;13173;2660
Midtjylland;2020-07-20;M;2;0;0;614;13175;2660
Sjælland;2020-07-20;M;3;0;0;614;13178;2660
Hovedstaden;2020-07-21;F;17;0;1;614;13195;2661
Nordjylland;2020-07-21;F;2;0;0;614;13197;2661
Sjælland;2020-07-21;F;3;0;0;614;13200;2661
Hovedstaden;2020-07-21;M;10;0;3;614;13210;2664
Midtjylland;2020-07-21;M;2;0;0;614;13212;2664
Nordjylland;2020-07-21;M;1;0;0;614;13213;2664
Sjælland;2020-07-21;M;1;0;0;614;13214;2664
Hovedstaden;2020-07-22;F;15;0;0;614;13229;2664
Nordjylland;2020-07-22;F;1;0;0;614;13230;2664
Sjælland;2020-07-22;F;1;0;0;614;13231;2664
Syddanmark;2020-07-22;F;1;0;0;614;13232;2664
Hovedstaden;2020-07-22;M;7;1;1;615;13239;2665
Nordjylland;2020-07-22;M;3;0;0;615;13242;2665
Sjælland;2020-07-22;M;5;0;0;615;13247;2665
Syddanmark;2020-07-22;M;1;0;1;615;13248;2666
Hovedstaden;2020-07-23;F;25;1;0;616;13273;2666
Midtjylland;2020-07-23;F;2;0;0;616;13275;2666
Nordjylland;2020-07-23;F;1;0;0;616;13276;2666
Sjælland;2020-07-23;F;2;0;0;616;13278;2666
Syddanmark;2020-07-23;F;4;0;0;616;13282;2666
Hovedstaden;2020-07-23;M;11;0;0;616;13293;2666
Nordjylland;2020-07-23;M;2;0;1;616;13295;2667
Sjælland;2020-07-23;M;3;0;1;616;13298;2668
Syddanmark;2020-07-23;M;1;0;0;616;13299;2668
Hovedstaden;2020-07-24;F;9;1;1;617;13308;2669
Midtjylland;2020-07-24;F;5;0;0;617;13313;2669
Sjælland;2020-07-24;F;1;0;0;617;13314;2669
Syddanmark;2020-07-24;F;2;0;1;617;13316;2670
Hovedstaden;2020-07-24;M;12;0;0;617;13328;2670
Midtjylland;2020-07-24;M;3;0;0;617;13331;2670
Nordjylland;2020-07-24;M;1;0;0;617;13332;2670
Sjælland;2020-07-24;M;1;0;0;617;13333;2670
Syddanmark;2020-07-24;M;2;0;1;617;13335;2671
Hovedstaden;2020-07-25;F;6;0;0;617;13341;2671
Midtjylland;2020-07-25;F;3;0;0;617;13344;2671
Sjælland;2020-07-25;F;5;0;0;617;13349;2671
Syddanmark;2020-07-25;F;2;0;0;617;13351;2671
Hovedstaden;2020-07-25;M;3;0;0;617;13354;2671
Midtjylland;2020-07-25;M;2;0;0;617;13356;2671
Nordjylland;2020-07-25;M;1;0;1;617;13357;2672
Sjælland;2020-07-25;M;4;1;2;618;13361;2674
Syddanmark;2020-07-25;M;1;0;0;618;13362;2674
Hovedstaden;2020-07-26;F;8;0;1;618;13370;2675
Midtjylland;2020-07-26;F;4;0;0;618;13374;2675
Nordjylland;2020-07-26;F;1;0;0;618;13375;2675
Sjælland;2020-07-26;F;2;0;1;618;13377;2676
Syddanmark;2020-07-26;F;3;0;0;618;13380;2676
Hovedstaden;2020-07-26;M;4;0;0;618;13384;2676
Syddanmark;2020-07-26;M;1;0;0;618;13385;2676
Hovedstaden;2020-07-27;F;9;0;1;618;13394;2677
Midtjylland;2020-07-27;F;3;0;0;618;13397;2677
Nordjylland;2020-07-27;F;1;0;0;618;13398;2677
Sjælland;2020-07-27;F;6;0;3;618;13404;2680
Syddanmark;2020-07-27;F;5;0;0;618;13409;2680
Hovedstaden;2020-07-27;M;14;0;0;618;13423;2680
Midtjylland;2020-07-27;M;3;0;0;618;13426;2680
Nordjylland;2020-07-27;M;1;0;0;618;13427;2680
Sjælland;2020-07-27;M;16;0;2;618;13443;2682
Syddanmark;2020-07-27;M;5;0;0;618;13448;2682
Hovedstaden;2020-07-28;F;6;0;0;618;13454;2682
Midtjylland;2020-07-28;F;8;0;1;618;13462;2683
Nordjylland;2020-07-28;F;2;0;0;618;13464;2683
Sjælland;2020-07-28;F;3;0;0;618;13467;2683
Syddanmark;2020-07-28;F;4;0;0;618;13471;2683
Hovedstaden;2020-07-28;M;24;0;0;618;13495;2683
Midtjylland;2020-07-28;M;4;0;0;618;13499;2683
Nordjylland;2020-07-28;M;2;0;0;618;13501;2683
Sjælland;2020-07-28;M;23;0;4;618;13524;2687
Syddanmark;2020-07-28;M;1;0;1;618;13525;2688
Hovedstaden;2020-07-29;F;8;0;1;618;13533;2689
Midtjylland;2020-07-29;F;4;0;1;618;13537;2690
Nordjylland;2020-07-29;F;1;0;1;618;13538;2691
Sjælland;2020-07-29;F;3;1;1;619;13541;2692
Syddanmark;2020-07-29;F;2;0;0;619;13543;2692
Hovedstaden;2020-07-29;M;14;0;1;619;13557;2693
Midtjylland;2020-07-29;M;6;0;2;619;13563;2695
Nordjylland;2020-07-29;M;4;0;0;619;13567;2695
Sjælland;2020-07-29;M;10;0;1;619;13577;2696
Syddanmark;2020-07-29;M;7;0;0;619;13584;2696
Hovedstaden;2020-07-30;F;12;0;0;619;13596;2696
Midtjylland;2020-07-30;F;14;0;0;619;13610;2696
Nordjylland;2020-07-30;F;2;0;0;619;13612;2696
Sjælland;2020-07-30;F;7;0;0;619;13619;2696
Syddanmark;2020-07-30;F;2;0;0;619;13621;2696
Hovedstaden;2020-07-30;M;14;0;1;619;13635;2697
Midtjylland;2020-07-30;M;7;0;1;619;13642;2698
Nordjylland;2020-07-30;M;2;0;0;619;13644;2698
Sjælland;2020-07-30;M;19;0;0;619;13663;2698
Syddanmark;2020-07-30;M;5;0;0;619;13668;2698
Hovedstaden;2020-07-31;F;9;0;0;619;13677;2698
Midtjylland;2020-07-31;F;5;0;0;619;13682;2698
Nordjylland;2020-07-31;F;2;0;0;619;13684;2698
Sjælland;2020-07-31;F;4;0;0;619;13688;2698
Syddanmark;2020-07-31;F;4;0;0;619;13692;2698
Hovedstaden;2020-07-31;M;4;0;0;619;13696;2698
Midtjylland;2020-07-31;M;13;0;2;619;13709;2700
Nordjylland;2020-07-31;M;1;0;0;619;13710;2700
Sjælland;2020-07-31;M;9;0;0;619;13719;2700
Syddanmark;2020-07-31;M;7;0;0;619;13726;2700
Hovedstaden;2020-08-01;F;4;0;0;619;13730;2700
Midtjylland;2020-08-01;F;7;1;1;620;13737;2701
Nordjylland;2020-08-01;F;1;0;0;620;13738;2701
Sjælland;2020-08-01;F;3;0;0;620;13741;2701
Syddanmark;2020-08-01;F;3;0;0;620;13744;2701
Hovedstaden;2020-08-01;M;6;0;0;620;13750;2701
Midtjylland;2020-08-01;M;22;0;0;620;13772;2701
Nordjylland;2020-08-01;M;4;0;0;620;13776;2701
Sjælland;2020-08-01;M;11;0;0;620;13787;2701
Syddanmark;2020-08-01;M;3;0;0;620;13790;2701
Hovedstaden;2020-08-02;F;12;0;0;620;13802;2701
Midtjylland;2020-08-02;F;14;0;0;620;13816;2701
Nordjylland;2020-08-02;F;2;0;0;620;13818;2701
Sjælland;2020-08-02;F;3;0;0;620;13821;2701
Syddanmark;2020-08-02;F;1;0;0;620;13822;2701
Hovedstaden;2020-08-02;M;9;0;0;620;13831;2701
Midtjylland;2020-08-02;M;25;0;2;620;13856;2703
Nordjylland;2020-08-02;M;4;0;0;620;13860;2703
Sjælland;2020-08-02;M;6;1;1;621;13866;2704
Syddanmark;2020-08-02;M;2;0;0;621;13868;2704
Hovedstaden;2020-08-03;F;9;0;0;621;13877;2704
Midtjylland;2020-08-03;F;24;0;1;621;13901;2705
Nordjylland;2020-08-03;F;3;0;0;621;13904;2705
Sjælland;2020-08-03;F;8;0;0;621;13912;2705
Syddanmark;2020-08-03;F;4;0;0;621;13916;2705
Hovedstaden;2020-08-03;M;12;0;0;621;13928;2705
Midtjylland;2020-08-03;M;29;0;2;621;13957;2707
Nordjylland;2020-08-03;M;2;0;0;621;13959;2707
Sjælland;2020-08-03;M;21;0;2;621;13980;2709
Syddanmark;2020-08-03;M;5;0;0;621;13985;2709
Hovedstaden;2020-08-04;F;14;0;0;621;13999;2709
Midtjylland;2020-08-04;F;21;0;0;621;14020;2709
Nordjylland;2020-08-04;F;3;0;0;621;14023;2709
Sjælland;2020-08-04;F;9;0;0;621;14032;2709
Syddanmark;2020-08-04;F;4;0;0;621;14036;2709
Hovedstaden;2020-08-04;M;11;0;1;621;14047;2710
Midtjylland;2020-08-04;M;38;0;1;621;14085;2711
Nordjylland;2020-08-04;M;1;0;0;621;14086;2711
Sjælland;2020-08-04;M;12;0;3;621;14098;2714
Syddanmark;2020-08-04;M;8;0;0;621;14106;2714
Hovedstaden;2020-08-05;F;14;0;0;621;14120;2714
Midtjylland;2020-08-05;F;25;0;2;621;14145;2716
Nordjylland;2020-08-05;F;2;0;0;621;14147;2716
Sjælland;2020-08-05;F;3;0;0;621;14150;2716
Syddanmark;2020-08-05;F;3;0;0;621;14153;2716
Hovedstaden;2020-08-05;M;15;0;1;621;14168;2717
Midtjylland;2020-08-05;M;41;0;2;621;14209;2719
Nordjylland;2020-08-05;M;2;0;0;621;14211;2719
Sjælland;2020-08-05;M;5;0;1;621;14216;2720
Syddanmark;2020-08-05;M;6;0;0;621;14222;2720
Hovedstaden;2020-08-06;F;13;0;2;621;14235;2722
Midtjylland;2020-08-06;F;37;0;1;621;14272;2723
Nordjylland;2020-08-06;F;3;0;0;621;14275;2723
Sjælland;2020-08-06;F;5;0;0;621;14280;2723
Syddanmark;2020-08-06;F;7;0;1;621;14287;2724
Hovedstaden;2020-08-06;M;22;0;2;621;14309;2726
Midtjylland;2020-08-06;M;49;0;1;621;14358;2727
Nordjylland;2020-08-06;M;1;0;0;621;14359;2727
Sjælland;2020-08-06;M;27;0;0;621;14386;2727
Syddanmark;2020-08-06;M;7;0;0;621;14393;2727
Hovedstaden;2020-08-07;F;13;0;1;621;14406;2728
Midtjylland;2020-08-07;F;46;0;2;621;14452;2730
Nordjylland;2020-08-07;F;2;0;0;621;14454;2730
Sjælland;2020-08-07;F;4;0;0;621;14458;2730
Syddanmark;2020-08-07;F;2;0;0;621;14460;2730
Hovedstaden;2020-08-07;M;7;0;0;621;14467;2730
Midtjylland;2020-08-07;M;60;0;0;621;14527;2730
Nordjylland;2020-08-07;M;2;0;0;621;14529;2730
Sjælland;2020-08-07;M;3;0;0;621;14532;2730
Syddanmark;2020-08-07;M;2;0;0;621;14534;2730
Hovedstaden;2020-08-08;F;11;0;0;621;14545;2730
Midtjylland;2020-08-08;F;26;1;2;622;14571;2732
Nordjylland;2020-08-08;F;1;0;0;622;14572;2732
Sjælland;2020-08-08;F;5;0;0;622;14577;2732
Syddanmark;2020-08-08;F;1;0;0;622;14578;2732
Hovedstaden;2020-08-08;M;8;0;0;622;14586;2732
Midtjylland;2020-08-08;M;31;0;1;622;14617;2733
Nordjylland;2020-08-08;M;1;0;0;622;14618;2733
Sjælland;2020-08-08;M;3;0;1;622;14621;2734
Syddanmark;2020-08-08;M;2;0;0;622;14623;2734
Hovedstaden;2020-08-09;F;14;0;0;622;14637;2734
Midtjylland;2020-08-09;F;32;0;0;622;14669;2734
Nordjylland;2020-08-09;F;5;0;0;622;14674;2734
Sjælland;2020-08-09;F;2;0;0;622;14676;2734
Syddanmark;2020-08-09;F;6;0;0;622;14682;2734
Hovedstaden;2020-08-09;M;27;0;0;622;14709;2734
Midtjylland;2020-08-09;M;33;0;1;622;14742;2735
Nordjylland;2020-08-09;M;4;0;0;622;14746;2735
Sjælland;2020-08-09;M;2;0;0;622;14748;2735
Syddanmark;2020-08-09;M;4;0;0;622;14752;2735
Hovedstaden;2020-08-10;F;17;0;0;622;14769;2735
Midtjylland;2020-08-10;F;37;0;0;622;14806;2735
Nordjylland;2020-08-10;F;2;0;0;622;14808;2735
Sjælland;2020-08-10;F;6;0;1;622;14814;2736
Syddanmark;2020-08-10;F;3;0;0;622;14817;2736
Hovedstaden;2020-08-10;M;26;0;1;622;14843;2737
Midtjylland;2020-08-10;M;43;0;1;622;14886;2738
Nordjylland;2020-08-10;M;5;0;0;622;14891;2738
Sjælland;2020-08-10;M;4;0;0;622;14895;2738
Syddanmark;2020-08-10;M;9;0;0;622;14904;2738
Hovedstaden;2020-08-11;F;19;0;1;622;14923;2739
Midtjylland;2020-08-11;F;26;0;1;622;14949;2740
Nordjylland;2020-08-11;F;2;0;0;622;14951;2740
Sjælland;2020-08-11;F;7;0;0;622;14958;2740
Syddanmark;2020-08-11;F;5;0;0;622;14963;2740
Hovedstaden;2020-08-11;M;21;0;1;622;14984;2741
Midtjylland;2020-08-11;M;41;0;1;622;15025;2742
Sjælland;2020-08-11;M;11;0;2;622;15036;2744
Syddanmark;2020-08-11;M;4;0;0;622;15040;2744
Hovedstaden;2020-08-12;F;22;0;4;622;15062;2748
Midtjylland;2020-08-12;F;33;0;2;622;15095;2750
Nordjylland;2020-08-12;F;9;0;0;622;15104;2750
Sjælland;2020-08-12;F;1;0;0;622;15105;2750
Syddanmark;2020-08-12;F;3;0;0;622;15108;2750
Hovedstaden;2020-08-12;M;26;0;0;622;15134;2750
Midtjylland;2020-08-12;M;48;0;0;622;15182;2750
Nordjylland;2020-08-12;M;10;0;2;622;15192;2752
Sjælland;2020-08-12;M;4;0;1;622;15196;2753
Syddanmark;2020-08-12;M;4;0;0;622;15200;2753
Hovedstaden;2020-08-13;F;14;0;0;622;15214;2753
Midtjylland;2020-08-13;F;30;0;0;622;15244;2753
Nordjylland;2020-08-13;F;3;0;1;622;15247;2754
Sjælland;2020-08-13;F;1;0;0;622;15248;2754
Syddanmark;2020-08-13;F;4;0;0;622;15252;2754
Hovedstaden;2020-08-13;M;20;0;0;622;15272;2754
Midtjylland;2020-08-13;M;30;0;0;622;15302;2754
Nordjylland;2020-08-13;M;5;1;1;623;15307;2755
Sjælland;2020-08-13;M;1;0;0;623;15308;2755
Syddanmark;2020-08-13;M;8;0;0;623;15316;2755
Hovedstaden;2020-08-14;F;25;0;0;623;15341;2755
Midtjylland;2020-08-14;F;14;0;0;623;15355;2755
Nordjylland;2020-08-14;F;5;0;0;623;15360;2755
Sjælland;2020-08-14;F;3;0;0;623;15363;2755
Syddanmark;2020-08-14;F;3;0;0;623;15366;2755
Hovedstaden;2020-08-14;M;23;1;2;624;15389;2757
Midtjylland;2020-08-14;M;16;0;1;624;15405;2758
Nordjylland;2020-08-14;M;3;0;0;624;15408;2758
Sjælland;2020-08-14;M;11;0;0;624;15419;2758
Syddanmark;2020-08-14;M;7;0;0;624;15426;2758
Hovedstaden;2020-08-15;F;13;0;0;624;15439;2758
Midtjylland;2020-08-15;F;46;0;3;624;15485;2761
Nordjylland;2020-08-15;F;5;0;0;624;15490;2761
Sjælland;2020-08-15;F;4;0;1;624;15494;2762
Syddanmark;2020-08-15;F;7;0;1;624;15501;2763
Hovedstaden;2020-08-15;M;13;0;0;624;15514;2763
Midtjylland;2020-08-15;M;32;0;0;624;15546;2763
Nordjylland;2020-08-15;M;1;0;0;624;15547;2763
Sjælland;2020-08-15;M;2;0;0;624;15549;2763
Syddanmark;2020-08-15;M;3;0;0;624;15552;2763
Hovedstaden;2020-08-16;F;15;0;0;624;15567;2763
Midtjylland;2020-08-16;F;17;0;1;624;15584;2764
Nordjylland;2020-08-16;F;4;0;0;624;15588;2764
Sjælland;2020-08-16;F;4;0;0;624;15592;2764
Syddanmark;2020-08-16;F;4;0;0;624;15596;2764
Hovedstaden;2020-08-16;M;15;0;1;624;15611;2765
Midtjylland;2020-08-16;M;15;0;0;624;15626;2765
Nordjylland;2020-08-16;M;6;1;1;625;15632;2766
Sjælland;2020-08-16;M;3;0;0;625;15635;2766
Syddanmark;2020-08-16;M;7;0;0;625;15642;2766
Hovedstaden;2020-08-17;F;9;0;1;625;15651;2767
Midtjylland;2020-08-17;F;26;0;0;625;15677;2767
Nordjylland;2020-08-17;F;4;0;0;625;15681;2767
Sjælland;2020-08-17;F;3;0;1;625;15684;2768
Syddanmark;2020-08-17;F;5;0;0;625;15689;2768
Hovedstaden;2020-08-17;M;20;0;0;625;15709;2768
Midtjylland;2020-08-17;M;17;0;1;625;15726;2769
Nordjylland;2020-08-17;M;4;0;0;625;15730;2769
Sjælland;2020-08-17;M;3;0;0;625;15733;2769
Syddanmark;2020-08-17;M;5;0;0;625;15738;2769
Hovedstaden;2020-08-18;F;16;1;2;626;15754;2771
Midtjylland;2020-08-18;F;19;0;0;626;15773;2771
Nordjylland;2020-08-18;F;4;0;0;626;15777;2771
Sjælland;2020-08-18;F;8;0;1;626;15785;2772
Syddanmark;2020-08-18;F;4;0;0;626;15789;2772
Hovedstaden;2020-08-18;M;24;0;0;626;15813;2772
Midtjylland;2020-08-18;M;22;0;0;626;15835;2772
Nordjylland;2020-08-18;M;3;1;1;627;15838;2773
Sjælland;2020-08-18;M;6;0;0;627;15844;2773
Syddanmark;2020-08-18;M;6;0;0;627;15850;2773
Hovedstaden;2020-08-19;F;11;0;1;627;15861;2774
Midtjylland;2020-08-19;F;12;0;0;627;15873;2774
Nordjylland;2020-08-19;F;6;0;0;627;15879;2774
Sjælland;2020-08-19;F;1;0;0;627;15880;2774
Syddanmark;2020-08-19;F;7;1;1;628;15887;2775
Hovedstaden;2020-08-19;M;23;0;1;628;15910;2776
Midtjylland;2020-08-19;M;15;0;1;628;15925;2777
Nordjylland;2020-08-19;M;2;0;0;628;15927;2777
Sjælland;2020-08-19;M;3;0;0;628;15930;2777
Syddanmark;2020-08-19;M;6;0;0;628;15936;2777
Hovedstaden;2020-08-20;F;10;0;1;628;15946;2778
Midtjylland;2020-08-20;F;15;0;1;628;15961;2779
Nordjylland;2020-08-20;F;1;0;0;628;15962;2779
Sjælland;2020-08-20;F;4;0;0;628;15966;2779
Syddanmark;2020-08-20;F;4;0;0;628;15970;2779
Hovedstaden;2020-08-20;M;14;0;0;628;15984;2779
Midtjylland;2020-08-20;M;16;0;1;628;16000;2780
Nordjylland;2020-08-20;M;3;0;0;628;16003;2780
Sjælland;2020-08-20;M;7;0;1;628;16010;2781
Syddanmark;2020-08-20;M;7;0;0;628;16017;2781
Hovedstaden;2020-08-21;F;6;0;0;628;16023;2781
Midtjylland;2020-08-21;F;14;0;1;628;16037;2782
Nordjylland;2020-08-21;F;4;0;1;628;16041;2783
Sjælland;2020-08-21;F;3;0;0;628;16044;2783
Syddanmark;2020-08-21;F;5;0;0;628;16049;2783
Hovedstaden;2020-08-21;M;23;0;0;628;16072;2783
Midtjylland;2020-08-21;M;13;0;0;628;16085;2783
Nordjylland;2020-08-21;M;3;0;0;628;16088;2783
Sjælland;2020-08-21;M;2;0;0;628;16090;2783
Syddanmark;2020-08-21;M;10;0;0;628;16100;2783
Hovedstaden;2020-08-22;F;18;0;0;628;16118;2783
Midtjylland;2020-08-22;F;17;0;0;628;16135;2783
Nordjylland;2020-08-22;F;4;0;0;628;16139;2783
Sjælland;2020-08-22;F;2;0;0;628;16141;2783
Syddanmark;2020-08-22;F;11;0;1;628;16152;2784
Hovedstaden;2020-08-22;M;11;0;0;628;16163;2784
Midtjylland;2020-08-22;M;12;0;0;628;16175;2784
Nordjylland;2020-08-22;M;2;0;1;628;16177;2785
Sjælland;2020-08-22;M;3;0;2;628;16180;2787
Syddanmark;2020-08-22;M;8;0;1;628;16188;2788
Hovedstaden;2020-08-23;F;11;0;0;628;16199;2788
Midtjylland;2020-08-23;F;13;0;0;628;16212;2788
Nordjylland;2020-08-23;F;6;0;0;628;16218;2788
Sjælland;2020-08-23;F;1;0;0;628;16219;2788
Syddanmark;2020-08-23;F;7;0;0;628;16226;2788
Hovedstaden;2020-08-23;M;12;0;1;628;16238;2789
Midtjylland;2020-08-23;M;10;0;0;628;16248;2789
Nordjylland;2020-08-23;M;2;1;1;629;16250;2790
Sjælland;2020-08-23;M;3;0;0;629;16253;2790
Syddanmark;2020-08-23;M;8;0;0;629;16261;2790
Hovedstaden;2020-08-24;F;11;0;1;629;16272;2791
Midtjylland;2020-08-24;F;15;0;0;629;16287;2791
Nordjylland;2020-08-24;F;3;0;0;629;16290;2791
Sjælland;2020-08-24;F;2;0;0;629;16292;2791
Syddanmark;2020-08-24;F;4;0;0;629;16296;2791
Hovedstaden;2020-08-24;M;14;0;2;629;16310;2793
Midtjylland;2020-08-24;M;14;0;2;629;16324;2795
Nordjylland;2020-08-24;M;3;0;0;629;16327;2795
Sjælland;2020-08-24;M;4;0;0;629;16331;2795
Syddanmark;2020-08-24;M;2;0;0;629;16333;2795
Hovedstaden;2020-08-25;F;12;0;1;629;16345;2796
Midtjylland;2020-08-25;F;10;0;0;629;16355;2796
Nordjylland;2020-08-25;F;4;0;0;629;16359;2796
Sjælland;2020-08-25;F;3;0;0;629;16362;2796
Syddanmark;2020-08-25;F;6;0;0;629;16368;2796
Hovedstaden;2020-08-25;M;24;0;0;629;16392;2796
Midtjylland;2020-08-25;M;12;0;1;629;16404;2797
Nordjylland;2020-08-25;M;5;0;0;629;16409;2797
Sjælland;2020-08-25;M;1;0;0;629;16410;2797
Syddanmark;2020-08-25;M;4;0;0;629;16414;2797
Hovedstaden;2020-08-26;F;20;0;1;629;16434;2798
Midtjylland;2020-08-26;F;9;0;0;629;16443;2798
Nordjylland;2020-08-26;F;1;0;0;629;16444;2798
Sjælland;2020-08-26;F;4;0;0;629;16448;2798
Syddanmark;2020-08-26;F;4;0;0;629;16452;2798
Hovedstaden;2020-08-26;M;16;0;0;629;16468;2798
Midtjylland;2020-08-26;M;11;0;0;629;16479;2798
Nordjylland;2020-08-26;M;3;0;1;629;16482;2799
Sjælland;2020-08-26;M;5;0;1;629;16487;2800
Syddanmark;2020-08-26;M;6;0;0;629;16493;2800
Hovedstaden;2020-08-27;F;7;0;0;629;16500;2800
Midtjylland;2020-08-27;F;10;0;0;629;16510;2800
Nordjylland;2020-08-27;F;1;0;0;629;16511;2800
Sjælland;2020-08-27;F;2;0;0;629;16513;2800
Syddanmark;2020-08-27;F;6;0;1;629;16519;2801
Hovedstaden;2020-08-27;M;16;0;1;629;16535;2802
Midtjylland;2020-08-27;M;10;0;0;629;16545;2802
Nordjylland;2020-08-27;M;3;0;0;629;16548;2802
Sjælland;2020-08-27;M;5;0;0;629;16553;2802
Syddanmark;2020-08-27;M;9;0;0;629;16562;2802
Hovedstaden;2020-08-28;F;18;0;0;629;16580;2802
Midtjylland;2020-08-28;F;13;0;1;629;16593;2803
Nordjylland;2020-08-28;F;4;0;1;629;16597;2804
Sjælland;2020-08-28;F;4;0;1;629;16601;2805
Syddanmark;2020-08-28;F;7;0;0;629;16608;2805
Hovedstaden;2020-08-28;M;24;0;1;629;16632;2806
Midtjylland;2020-08-28;M;12;0;0;629;16644;2806
Nordjylland;2020-08-28;M;5;0;1;629;16649;2807
Sjælland;2020-08-28;M;5;0;0;629;16654;2807
Syddanmark;2020-08-28;M;15;0;0;629;16669;2807
Hovedstaden;2020-08-29;F;15;0;1;629;16684;2808
Midtjylland;2020-08-29;F;6;0;0;629;16690;2808
Nordjylland;2020-08-29;F;5;0;0;629;16695;2808
Sjælland;2020-08-29;F;1;0;0;629;16696;2808
Syddanmark;2020-08-29;F;10;0;0;629;16706;2808
Hovedstaden;2020-08-29;M;22;0;2;629;16728;2810
Midtjylland;2020-08-29;M;12;0;1;629;16740;2811
Nordjylland;2020-08-29;M;6;0;0;629;16746;2811
Sjælland;2020-08-29;M;1;0;0;629;16747;2811
Syddanmark;2020-08-29;M;4;0;0;629;16751;2811
Hovedstaden;2020-08-30;F;23;0;4;629;16774;2815
Midtjylland;2020-08-30;F;11;0;1;629;16785;2816
Nordjylland;2020-08-30;F;3;0;0;629;16788;2816
Sjælland;2020-08-30;F;1;0;0;629;16789;2816
Syddanmark;2020-08-30;F;11;0;1;629;16800;2817
Hovedstaden;2020-08-30;M;27;0;1;629;16827;2818
Midtjylland;2020-08-30;M;12;0;0;629;16839;2818
Nordjylland;2020-08-30;M;3;0;0;629;16842;2818
Sjælland;2020-08-30;M;4;0;0;629;16846;2818
Syddanmark;2020-08-30;M;8;0;0;629;16854;2818
Hovedstaden;2020-08-31;F;30;0;0;629;16884;2818
Midtjylland;2020-08-31;F;10;0;0;629;16894;2818
Sjælland;2020-08-31;F;2;0;0;629;16896;2818
Syddanmark;2020-08-31;F;14;0;2;629;16910;2820
Hovedstaden;2020-08-31;M;36;0;0;629;16946;2820
Midtjylland;2020-08-31;M;8;0;1;629;16954;2821
Nordjylland;2020-08-31;M;3;0;0;629;16957;2821
Sjælland;2020-08-31;M;7;0;0;629;16964;2821
Syddanmark;2020-08-31;M;8;0;1;629;16972;2822
Hovedstaden;2020-09-01;F;39;0;1;629;17011;2823
Midtjylland;2020-09-01;F;19;0;0;629;17030;2823
Nordjylland;2020-09-01;F;3;0;0;629;17033;2823
Sjælland;2020-09-01;F;6;0;0;629;17039;2823
Syddanmark;2020-09-01;F;26;0;1;629;17065;2824
Hovedstaden;2020-09-01;M;52;0;1;629;17117;2825
Midtjylland;2020-09-01;M;14;0;0;629;17131;2825
Nordjylland;2020-09-01;M;4;0;0;629;17135;2825
Sjælland;2020-09-01;M;10;0;0;629;17145;2825
Syddanmark;2020-09-01;M;25;0;2;629;17170;2827
Hovedstaden;2020-09-02;F;37;0;3;629;17207;2830
Midtjylland;2020-09-02;F;6;0;0;629;17213;2830
Nordjylland;2020-09-02;F;2;0;0;629;17215;2830
Sjælland;2020-09-02;F;5;0;0;629;17220;2830
Syddanmark;2020-09-02;F;18;0;0;629;17238;2830
Hovedstaden;2020-09-02;M;48;0;8;629;17286;2838
Midtjylland;2020-09-02;M;11;0;1;629;17297;2839
Nordjylland;2020-09-02;M;1;0;0;629;17298;2839
Sjælland;2020-09-02;M;9;0;0;629;17307;2839
Syddanmark;2020-09-02;M;18;0;1;629;17325;2840
Hovedstaden;2020-09-03;F;53;0;3;629;17378;2843
Midtjylland;2020-09-03;F;10;0;1;629;17388;2844
Nordjylland;2020-09-03;F;4;0;0;629;17392;2844
Sjælland;2020-09-03;F;6;0;0;629;17398;2844
Syddanmark;2020-09-03;F;20;0;0;629;17418;2844
Hovedstaden;2020-09-03;M;62;0;3;629;17480;2847
Midtjylland;2020-09-03;M;6;0;1;629;17486;2848
Nordjylland;2020-09-03;M;7;0;0;629;17493;2848
Sjælland;2020-09-03;M;9;0;1;629;17502;2849
Syddanmark;2020-09-03;M;15;0;0;629;17517;2849
Hovedstaden;2020-09-04;F;68;1;3;630;17585;2852
Midtjylland;2020-09-04;F;10;0;0;630;17595;2852
Nordjylland;2020-09-04;F;8;0;0;630;17603;2852
Sjælland;2020-09-04;F;8;0;1;630;17611;2853
Syddanmark;2020-09-04;F;12;0;0;630;17623;2853
Hovedstaden;2020-09-04;M;46;1;1;631;17669;2854
Midtjylland;2020-09-04;M;11;0;2;631;17680;2856
Nordjylland;2020-09-04;M;7;0;1;631;17687;2857
Sjælland;2020-09-04;M;15;0;1;631;17702;2858
Syddanmark;2020-09-04;M;14;0;0;631;17716;2858
Hovedstaden;2020-09-05;F;49;0;3;631;17765;2861
Midtjylland;2020-09-05;F;8;0;0;631;17773;2861
Nordjylland;2020-09-05;F;4;0;2;631;17777;2863
Sjælland;2020-09-05;F;5;0;0;631;17782;2863
Syddanmark;2020-09-05;F;24;0;0;631;17806;2863
Hovedstaden;2020-09-05;M;54;0;1;631;17860;2864
Midtjylland;2020-09-05;M;6;0;1;631;17866;2865
Nordjylland;2020-09-05;M;8;0;0;631;17874;2865
Sjælland;2020-09-05;M;12;0;0;631;17886;2865
Syddanmark;2020-09-05;M;27;0;2;631;17913;2867
Hovedstaden;2020-09-06;F;89;1;2;632;18002;2869
Midtjylland;2020-09-06;F;13;0;1;632;18015;2870
Nordjylland;2020-09-06;F;7;0;0;632;18022;2870
Sjælland;2020-09-06;F;9;0;1;632;18031;2871
Syddanmark;2020-09-06;F;9;0;0;632;18040;2871
Hovedstaden;2020-09-06;M;62;0;3;632;18102;2874
Midtjylland;2020-09-06;M;5;0;1;632;18107;2875
Nordjylland;2020-09-06;M;9;0;1;632;18116;2876
Sjælland;2020-09-06;M;9;0;0;632;18125;2876
Syddanmark;2020-09-06;M;10;0;0;632;18135;2876
Hovedstaden;2020-09-07;F;79;0;3;632;18214;2879
Midtjylland;2020-09-07;F;14;0;2;632;18228;2881
Nordjylland;2020-09-07;F;16;0;2;632;18244;2883
Sjælland;2020-09-07;F;41;0;2;632;18285;2885
Syddanmark;2020-09-07;F;13;0;0;632;18298;2885
Hovedstaden;2020-09-07;M;79;1;3;633;18377;2888
Midtjylland;2020-09-07;M;6;0;0;633;18383;2888
Nordjylland;2020-09-07;M;11;0;0;633;18394;2888
Sjælland;2020-09-07;M;25;0;1;633;18419;2889
Syddanmark;2020-09-07;M;11;0;0;633;18430;2889
Hovedstaden;2020-09-08;F;75;0;3;633;18505;2892
Midtjylland;2020-09-08;F;26;0;3;633;18531;2895
Nordjylland;2020-09-08;F;11;0;1;633;18542;2896
Sjælland;2020-09-08;F;25;0;1;633;18567;2897
Syddanmark;2020-09-08;F;32;0;0;633;18599;2897
Hovedstaden;2020-09-08;M;82;0;2;633;18681;2899
Midtjylland;2020-09-08;M;15;0;0;633;18696;2899
Nordjylland;2020-09-08;M;13;1;1;634;18709;2900
Sjælland;2020-09-08;M;25;0;1;634;18734;2901
Syddanmark;2020-09-08;M;23;1;2;635;18757;2903
Hovedstaden;2020-09-09;F;67;0;3;635;18824;2906
Midtjylland;2020-09-09;F;16;0;1;635;18840;2907
Nordjylland;2020-09-09;F;14;0;0;635;18854;2907
Sjælland;2020-09-09;F;7;0;0;635;18861;2907
Syddanmark;2020-09-09;F;30;0;0;635;18891;2907
Hovedstaden;2020-09-09;M;89;1;5;636;18980;2912
Midtjylland;2020-09-09;M;12;0;1;636;18992;2913
Nordjylland;2020-09-09;M;15;0;0;636;19007;2913
Sjælland;2020-09-09;M;17;0;1;636;19024;2914
Syddanmark;2020-09-09;M;25;0;2;636;19049;2916
Hovedstaden;2020-09-10;F;101;2;5;638;19150;2921
Midtjylland;2020-09-10;F;8;0;0;638;19158;2921
Nordjylland;2020-09-10;F;18;0;0;638;19176;2921
Sjælland;2020-09-10;F;30;0;1;638;19206;2922
Syddanmark;2020-09-10;F;35;0;1;638;19241;2923
Hovedstaden;2020-09-10;M;96;2;8;640;19337;2931
Midtjylland;2020-09-10;M;20;0;0;640;19357;2931
Nordjylland;2020-09-10;M;19;1;1;641;19376;2932
Sjælland;2020-09-10;M;20;0;0;641;19396;2932
Syddanmark;2020-09-10;M;20;0;2;641;19416;2934
Hovedstaden;2020-09-11;F;93;1;3;642;19509;2937
Midtjylland;2020-09-11;F;28;0;0;642;19537;2937
Nordjylland;2020-09-11;F;21;0;1;642;19558;2938
Sjælland;2020-09-11;F;10;0;0;642;19568;2938
Syddanmark;2020-09-11;F;21;0;0;642;19589;2938
Hovedstaden;2020-09-11;M;76;0;4;642;19665;2942
Midtjylland;2020-09-11;M;43;0;5;642;19708;2947
Nordjylland;2020-09-11;M;22;0;0;642;19730;2947
Sjælland;2020-09-11;M;11;0;0;642;19741;2947
Syddanmark;2020-09-11;M;21;0;1;642;19762;2948
Hovedstaden;2020-09-12;F;89;0;3;642;19851;2951
Midtjylland;2020-09-12;F;14;0;1;642;19865;2952
Nordjylland;2020-09-12;F;12;0;0;642;19877;2952
Sjælland;2020-09-12;F;11;0;0;642;19888;2952
Syddanmark;2020-09-12;F;20;0;0;642;19908;2952
Hovedstaden;2020-09-12;M;85;2;4;644;19993;2956
Midtjylland;2020-09-12;M;15;0;1;644;20008;2957
Nordjylland;2020-09-12;M;19;1;1;645;20027;2958
Sjælland;2020-09-12;M;12;0;0;645;20039;2958
Syddanmark;2020-09-12;M;24;0;1;645;20063;2959
Hovedstaden;2020-09-13;F;82;0;6;645;20145;2965
Midtjylland;2020-09-13;F;7;0;0;645;20152;2965
Nordjylland;2020-09-13;F;19;0;0;645;20171;2965
Sjælland;2020-09-13;F;8;1;1;646;20179;2966
Syddanmark;2020-09-13;F;20;0;1;646;20199;2967
Hovedstaden;2020-09-13;M;87;1;4;647;20286;2971
Midtjylland;2020-09-13;M;9;0;0;647;20295;2971
Nordjylland;2020-09-13;M;23;0;3;647;20318;2974
Sjælland;2020-09-13;M;9;0;1;647;20327;2975
Syddanmark;2020-09-13;M;32;1;1;648;20359;2976
Hovedstaden;2020-09-14;F;114;0;3;648;20473;2979
Midtjylland;2020-09-14;F;18;0;0;648;20491;2979
Nordjylland;2020-09-14;F;19;0;1;648;20510;2980
Sjælland;2020-09-14;F;16;0;2;648;20526;2982
Syddanmark;2020-09-14;F;20;0;1;648;20546;2983
Hovedstaden;2020-09-14;M;108;0;5;648;20654;2988
Midtjylland;2020-09-14;M;18;0;1;648;20672;2989
Nordjylland;2020-09-14;M;29;1;3;649;20701;2992
Sjælland;2020-09-14;M;15;0;0;649;20716;2992
Syddanmark;2020-09-14;M;23;0;1;649;20739;2993
Hovedstaden;2020-09-15;F;136;0;7;649;20875;3000
Midtjylland;2020-09-15;F;22;0;3;649;20897;3003
Nordjylland;2020-09-15;F;32;0;2;649;20929;3005
Sjælland;2020-09-15;F;17;0;0;649;20946;3005
Syddanmark;2020-09-15;F;29;0;1;649;20975;3006
Hovedstaden;2020-09-15;M;104;0;4;649;21079;3010
Midtjylland;2020-09-15;M;25;0;3;649;21104;3013
Nordjylland;2020-09-15;M;29;0;1;649;21133;3014
Sjælland;2020-09-15;M;20;0;3;649;21153;3017
Syddanmark;2020-09-15;M;21;0;0;649;21174;3017
Hovedstaden;2020-09-16;F;150;2;12;651;21324;3029
Midtjylland;2020-09-16;F;29;0;2;651;21353;3031
Nordjylland;2020-09-16;F;38;0;0;651;21391;3031
Sjælland;2020-09-16;F;30;0;0;651;21421;3031
Syddanmark;2020-09-16;F;33;0;0;651;21454;3031
Hovedstaden;2020-09-16;M;157;1;7;652;21611;3038
Midtjylland;2020-09-16;M;34;0;2;652;21645;3040
Nordjylland;2020-09-16;M;28;1;2;653;21673;3042
Sjælland;2020-09-16;M;16;0;2;653;21689;3044
Syddanmark;2020-09-16;M;35;0;2;653;21724;3046
Hovedstaden;2020-09-17;F;142;1;5;654;21866;3051
Midtjylland;2020-09-17;F;32;0;1;654;21898;3052
Nordjylland;2020-09-17;F;13;0;1;654;21911;3053
Sjælland;2020-09-17;F;23;0;1;654;21934;3054
Syddanmark;2020-09-17;F;27;0;0;654;21961;3054
Hovedstaden;2020-09-17;M;170;0;5;654;22131;3059
Midtjylland;2020-09-17;M;29;0;0;654;22160;3059
Nordjylland;2020-09-17;M;24;1;4;655;22184;3063
Sjælland;2020-09-17;M;21;0;0;655;22205;3063
Syddanmark;2020-09-17;M;35;0;1;655;22240;3064
Hovedstaden;2020-09-18;F;133;1;6;656;22373;3070
Midtjylland;2020-09-18;F;37;0;1;656;22410;3071
Nordjylland;2020-09-18;F;21;0;1;656;22431;3072
Sjælland;2020-09-18;F;21;0;0;656;22452;3072
Syddanmark;2020-09-18;F;29;0;3;656;22481;3075
Hovedstaden;2020-09-18;M;127;0;5;656;22608;3080
Midtjylland;2020-09-18;M;32;0;1;656;22640;3081
Nordjylland;2020-09-18;M;25;0;1;656;22665;3082
Sjælland;2020-09-18;M;27;0;1;656;22692;3083
Syddanmark;2020-09-18;M;23;0;0;656;22715;3083
Hovedstaden;2020-09-19;F;114;1;7;657;22829;3090
Midtjylland;2020-09-19;F;23;0;1;657;22852;3091
Nordjylland;2020-09-19;F;14;0;1;657;22866;3092
Sjælland;2020-09-19;F;20;0;1;657;22886;3093
Syddanmark;2020-09-19;F;35;0;2;657;22921;3095
Hovedstaden;2020-09-19;M;114;0;3;657;23035;3098
Midtjylland;2020-09-19;M;26;0;0;657;23061;3098
Nordjylland;2020-09-19;M;17;0;2;657;23078;3100
Sjælland;2020-09-19;M;28;0;2;657;23106;3102
Syddanmark;2020-09-19;M;25;0;1;657;23131;3103
Hovedstaden;2020-09-20;F;105;2;5;659;23236;3108
Midtjylland;2020-09-20;F;21;0;1;659;23257;3109
Nordjylland;2020-09-20;F;24;0;1;659;23281;3110
Sjælland;2020-09-20;F;24;0;0;659;23305;3110
Syddanmark;2020-09-20;F;20;0;2;659;23325;3112
Hovedstaden;2020-09-20;M;122;0;5;659;23447;3117
Midtjylland;2020-09-20;M;30;0;1;659;23477;3118
Nordjylland;2020-09-20;M;18;0;1;659;23495;3119
Sjælland;2020-09-20;M;22;0;0;659;23517;3119
Syddanmark;2020-09-20;M;22;0;1;659;23539;3120
Hovedstaden;2020-09-21;F;136;0;7;659;23675;3127
Midtjylland;2020-09-21;F;42;0;2;659;23717;3129
Nordjylland;2020-09-21;F;22;0;1;659;23739;3130
Sjælland;2020-09-21;F;34;0;1;659;23773;3131
Syddanmark;2020-09-21;F;30;0;1;659;23803;3132
Hovedstaden;2020-09-21;M;161;0;2;659;23964;3134
Midtjylland;2020-09-21;M;23;0;0;659;23987;3134
Nordjylland;2020-09-21;M;36;0;0;659;24023;3134
Sjælland;2020-09-21;M;22;0;1;659;24045;3135
Syddanmark;2020-09-21;M;28;0;0;659;24073;3135
Hovedstaden;2020-09-22;F;153;1;6;660;24226;3141
Midtjylland;2020-09-22;F;50;0;0;660;24276;3141
Nordjylland;2020-09-22;F;21;0;0;660;24297;3141
Sjælland;2020-09-22;F;29;0;0;660;24326;3141
Syddanmark;2020-09-22;F;33;0;1;660;24359;3142
Hovedstaden;2020-09-22;M;147;2;7;662;24506;3149
Midtjylland;2020-09-22;M;43;0;1;662;24549;3150
Nordjylland;2020-09-22;M;32;0;0;662;24581;3150
Sjælland;2020-09-22;M;39;0;2;662;24620;3152
Syddanmark;2020-09-22;M;38;1;3;663;24658;3155
Hovedstaden;2020-09-23;F;144;1;6;664;24802;3161
Midtjylland;2020-09-23;F;52;0;2;664;24854;3163
Nordjylland;2020-09-23;F;24;0;0;664;24878;3163
Sjælland;2020-09-23;F;49;0;2;664;24927;3165
Syddanmark;2020-09-23;F;39;0;1;664;24966;3166
Hovedstaden;2020-09-23;M;155;0;4;664;25121;3170
Midtjylland;2020-09-23;M;72;0;4;664;25193;3174
Nordjylland;2020-09-23;M;25;0;1;664;25218;3175
Sjælland;2020-09-23;M;46;2;5;666;25264;3180
Syddanmark;2020-09-23;M;45;0;1;666;25309;3181
Hovedstaden;2020-09-24;F;140;0;3;666;25449;3184
Midtjylland;2020-09-24;F;58;0;3;666;25507;3187
Nordjylland;2020-09-24;F;20;0;0;666;25527;3187
Sjælland;2020-09-24;F;41;0;1;666;25568;3188
Syddanmark;2020-09-24;F;43;0;4;666;25611;3192
Hovedstaden;2020-09-24;M;146;1;7;667;25757;3199
Midtjylland;2020-09-24;M;55;1;0;668;25812;3199
Nordjylland;2020-09-24;M;18;0;0;668;25830;3199
Sjælland;2020-09-24;M;40;0;2;668;25870;3201
Syddanmark;2020-09-24;M;37;0;5;668;25907;3206
Hovedstaden;2020-09-25;F;103;0;6;668;26010;3212
Midtjylland;2020-09-25;F;52;0;2;668;26062;3214
Nordjylland;2020-09-25;F;13;0;1;668;26075;3215
Sjælland;2020-09-25;F;31;0;2;668;26106;3217
Syddanmark;2020-09-25;F;40;0;0;668;26146;3217
Hovedstaden;2020-09-25;M;104;1;4;669;26250;3221
Midtjylland;2020-09-25;M;52;0;2;669;26302;3223
Nordjylland;2020-09-25;M;27;0;0;669;26329;3223
Sjælland;2020-09-25;M;34;0;2;669;26363;3225
Syddanmark;2020-09-25;M;32;0;1;669;26395;3226
Hovedstaden;2020-09-26;F;84;0;3;669;26479;3229
Midtjylland;2020-09-26;F;50;0;1;669;26529;3230
Nordjylland;2020-09-26;F;15;0;1;669;26544;3231
Sjælland;2020-09-26;F;29;0;2;669;26573;3233
Syddanmark;2020-09-26;F;18;0;1;669;26591;3234
Hovedstaden;2020-09-26;M;94;0;2;669;26685;3236
Midtjylland;2020-09-26;M;42;0;1;669;26727;3237
Nordjylland;2020-09-26;M;17;0;0;669;26744;3237
Sjælland;2020-09-26;M;24;0;2;669;26768;3239
Syddanmark;2020-09-26;M;20;0;0;669;26788;3239
Hovedstaden;2020-09-27;F;102;0;2;669;26890;3241
Midtjylland;2020-09-27;F;47;0;1;669;26937;3242
Nordjylland;2020-09-27;F;9;0;1;669;26946;3243
Sjælland;2020-09-27;F;23;0;0;669;26969;3243
Syddanmark;2020-09-27;F;14;0;0;669;26983;3243
Hovedstaden;2020-09-27;M;80;0;4;669;27063;3247
Midtjylland;2020-09-27;M;32;0;3;669;27095;3250
Nordjylland;2020-09-27;M;13;1;2;670;27108;3252
Sjælland;2020-09-27;M;16;0;0;670;27124;3252
Syddanmark;2020-09-27;M;21;0;0;670;27145;3252
Hovedstaden;2020-09-28;F;118;0;5;670;27263;3257
Midtjylland;2020-09-28;F;52;0;1;670;27315;3258
Nordjylland;2020-09-28;F;15;0;0;670;27330;3258
Sjælland;2020-09-28;F;28;0;0;670;27358;3258
Syddanmark;2020-09-28;F;33;0;2;670;27391;3260
Hovedstaden;2020-09-28;M;94;1;3;671;27485;3263
Midtjylland;2020-09-28;M;57;0;3;671;27542;3266
Nordjylland;2020-09-28;M;25;0;0;671;27567;3266
Sjælland;2020-09-28;M;34;0;1;671;27601;3267
Syddanmark;2020-09-28;M;26;0;2;671;27627;3269
Hovedstaden;2020-09-29;F;100;0;4;671;27727;3273
Midtjylland;2020-09-29;F;56;0;4;671;27783;3277
Nordjylland;2020-09-29;F;17;0;0;671;27800;3277
Sjælland;2020-09-29;F;28;0;0;671;27828;3277
Syddanmark;2020-09-29;F;27;1;1;672;27855;3278
Hovedstaden;2020-09-29;M;90;0;3;672;27945;3281
Midtjylland;2020-09-29;M;51;1;2;673;27996;3283
Nordjylland;2020-09-29;M;27;0;2;673;28023;3285
Sjælland;2020-09-29;M;24;0;1;673;28047;3286
Syddanmark;2020-09-29;M;29;0;1;673;28076;3287
Hovedstaden;2020-09-30;F;97;0;3;673;28173;3290
Midtjylland;2020-09-30;F;46;0;0;673;28219;3290
Nordjylland;2020-09-30;F;13;0;1;673;28232;3291
Sjælland;2020-09-30;F;28;0;3;673;28260;3294
Syddanmark;2020-09-30;F;20;0;1;673;28280;3295
Hovedstaden;2020-09-30;M;78;0;3;673;28358;3298
Midtjylland;2020-09-30;M;49;0;1;673;28407;3299
Nordjylland;2020-09-30;M;26;0;0;673;28433;3299
Sjælland;2020-09-30;M;31;0;0;673;28464;3299
Syddanmark;2020-09-30;M;46;0;1;673;28510;3300
Hovedstaden;2020-10-01;F;90;0;3;673;28600;3303
Midtjylland;2020-10-01;F;54;0;1;673;28654;3304
Nordjylland;2020-10-01;F;20;2;2;675;28674;3306
Sjælland;2020-10-01;F;30;0;0;675;28704;3306
Syddanmark;2020-10-01;F;25;1;0;676;28729;3306
Hovedstaden;2020-10-01;M;74;0;3;676;28803;3309
Midtjylland;2020-10-01;M;54;1;3;677;28857;3312
Nordjylland;2020-10-01;M;21;1;2;678;28878;3314
Sjælland;2020-10-01;M;26;0;0;678;28904;3314
Syddanmark;2020-10-01;M;33;0;2;678;28937;3316
Hovedstaden;2020-10-02;F;74;0;3;678;29011;3319
Midtjylland;2020-10-02;F;39;0;2;678;29050;3321
Nordjylland;2020-10-02;F;19;0;1;678;29069;3322
Sjælland;2020-10-02;F;21;0;0;678;29090;3322
Syddanmark;2020-10-02;F;20;0;0;678;29110;3322
Hovedstaden;2020-10-02;M;67;0;3;678;29177;3325
Midtjylland;2020-10-02;M;62;1;3;679;29239;3328
Nordjylland;2020-10-02;M;17;0;1;679;29256;3329
Sjælland;2020-10-02;M;20;0;1;679;29276;3330
Syddanmark;2020-10-02;M;27;0;0;679;29303;3330
Hovedstaden;2020-10-03;F;79;0;3;679;29382;3333
Midtjylland;2020-10-03;F;27;0;1;679;29409;3334
Nordjylland;2020-10-03;F;12;0;0;679;29421;3334
Sjælland;2020-10-03;F;17;0;0;679;29438;3334
Syddanmark;2020-10-03;F;29;0;0;679;29467;3334
Hovedstaden;2020-10-03;M;67;0;0;679;29534;3334
Midtjylland;2020-10-03;M;43;0;3;679;29577;3337
Nordjylland;2020-10-03;M;19;0;0;679;29596;3337
Sjælland;2020-10-03;M;15;0;0;679;29611;3337
Syddanmark;2020-10-03;M;30;0;0;679;29641;3337
Hovedstaden;2020-10-04;F;63;0;6;679;29704;3343
Midtjylland;2020-10-04;F;29;0;1;679;29733;3344
Nordjylland;2020-10-04;F;11;0;0;679;29744;3344
Sjælland;2020-10-04;F;13;0;0;679;29757;3344
Syddanmark;2020-10-04;F;21;1;0;680;29778;3344
Hovedstaden;2020-10-04;M;83;0;3;680;29861;3347
Midtjylland;2020-10-04;M;29;0;2;680;29890;3349
Nordjylland;2020-10-04;M;19;0;1;680;29909;3350
Sjælland;2020-10-04;M;17;0;2;680;29926;3352
Syddanmark;2020-10-04;M;21;0;2;680;29947;3354
Hovedstaden;2020-10-05;F;89;1;5;681;30036;3359
Midtjylland;2020-10-05;F;55;0;4;681;30091;3363
Nordjylland;2020-10-05;F;19;0;0;681;30110;3363
Sjælland;2020-10-05;F;23;0;0;681;30133;3363
Syddanmark;2020-10-05;F;33;0;0;681;30166;3363
Hovedstaden;2020-10-05;M;72;2;8;683;30238;3371
Midtjylland;2020-10-05;M;50;0;3;683;30288;3374
Nordjylland;2020-10-05;M;41;0;1;683;30329;3375
Sjælland;2020-10-05;M;17;0;2;683;30346;3377
Syddanmark;2020-10-05;M;28;0;0;683;30374;3377
Hovedstaden;2020-10-06;F;91;1;2;684;30465;3379
Midtjylland;2020-10-06;F;35;0;1;684;30500;3380
Nordjylland;2020-10-06;F;15;0;1;684;30515;3381
Sjælland;2020-10-06;F;19;0;0;684;30534;3381
Syddanmark;2020-10-06;F;23;0;1;684;30557;3382
Hovedstaden;2020-10-06;M;103;0;3;684;30660;3385
Midtjylland;2020-10-06;M;73;0;3;684;30733;3388
Nordjylland;2020-10-06;M;16;0;1;684;30749;3389
Sjælland;2020-10-06;M;21;0;1;684;30770;3390
Syddanmark;2020-10-06;M;30;0;1;684;30800;3391
Hovedstaden;2020-10-07;F;80;3;7;687;30880;3398
Midtjylland;2020-10-07;F;47;0;2;687;30927;3400
Nordjylland;2020-10-07;F;24;0;1;687;30951;3401
Sjælland;2020-10-07;F;18;0;0;687;30969;3401
Syddanmark;2020-10-07;F;32;1;1;688;31001;3402
Hovedstaden;2020-10-07;M;78;1;5;689;31079;3407
Midtjylland;2020-10-07;M;105;0;4;689;31184;3411
Nordjylland;2020-10-07;M;25;0;0;689;31209;3411
Sjælland;2020-10-07;M;19;0;1;689;31228;3412
Syddanmark;2020-10-07;M;24;2;1;691;31252;3413
Hovedstaden;2020-10-08;F;72;0;1;691;31324;3414
Midtjylland;2020-10-08;F;67;0;2;691;31391;3416
Nordjylland;2020-10-08;F;20;0;0;691;31411;3416
Sjælland;2020-10-08;F;15;1;2;692;31426;3418
Syddanmark;2020-10-08;F;27;0;0;692;31453;3418
Hovedstaden;2020-10-08;M;80;0;3;692;31533;3421
Midtjylland;2020-10-08;M;69;0;3;692;31602;3424
Nordjylland;2020-10-08;M;30;0;2;692;31632;3426
Sjælland;2020-10-08;M;13;0;0;692;31645;3426
Syddanmark;2020-10-08;M;28;0;1;692;31673;3427
Hovedstaden;2020-10-09;F;72;1;4;693;31745;3431
Midtjylland;2020-10-09;F;55;0;4;693;31800;3435
Nordjylland;2020-10-09;F;22;0;0;693;31822;3435
Sjælland;2020-10-09;F;16;0;0;693;31838;3435
Syddanmark;2020-10-09;F;34;0;1;693;31872;3436
Hovedstaden;2020-10-09;M;79;0;3;693;31951;3439
Midtjylland;2020-10-09;M;61;0;2;693;32012;3441
Nordjylland;2020-10-09;M;21;0;0;693;32033;3441
Sjælland;2020-10-09;M;14;0;1;693;32047;3442
Syddanmark;2020-10-09;M;37;2;3;695;32084;3445
Hovedstaden;2020-10-10;F;48;0;3;695;32132;3448
Midtjylland;2020-10-10;F;39;0;1;695;32171;3449
Nordjylland;2020-10-10;F;14;0;1;695;32185;3450
Sjælland;2020-10-10;F;13;0;0;695;32198;3450
Syddanmark;2020-10-10;F;16;0;0;695;32214;3450
Hovedstaden;2020-10-10;M;60;0;5;695;32274;3455
Midtjylland;2020-10-10;M;48;0;3;695;32322;3458
Nordjylland;2020-10-10;M;18;0;1;695;32340;3459
Sjælland;2020-10-10;M;12;0;1;695;32352;3460
Syddanmark;2020-10-10;M;13;0;0;695;32365;3460
Hovedstaden;2020-10-11;F;54;1;6;696;32419;3466
Midtjylland;2020-10-11;F;34;0;1;696;32453;3467
Nordjylland;2020-10-11;F;12;0;0;696;32465;3467
Sjælland;2020-10-11;F;16;0;1;696;32481;3468
Syddanmark;2020-10-11;F;18;0;0;696;32499;3468
Hovedstaden;2020-10-11;M;44;0;1;696;32543;3469
Midtjylland;2020-10-11;M;32;0;2;696;32575;3471
Nordjylland;2020-10-11;M;18;1;1;697;32593;3472
Sjælland;2020-10-11;M;13;0;0;697;32606;3472
Syddanmark;2020-10-11;M;15;0;2;697;32621;3474
Hovedstaden;2020-10-12;F;65;1;3;698;32686;3477
Midtjylland;2020-10-12;F;59;1;3;699;32745;3480
Nordjylland;2020-10-12;F;21;0;0;699;32766;3480
Sjælland;2020-10-12;F;17;0;2;699;32783;3482
Syddanmark;2020-10-12;F;39;0;2;699;32822;3484
Hovedstaden;2020-10-12;M;77;1;4;700;32899;3488
Midtjylland;2020-10-12;M;66;0;2;700;32965;3490
Nordjylland;2020-10-12;M;24;0;3;700;32989;3493
Sjælland;2020-10-12;M;52;0;2;700;33041;3495
Syddanmark;2020-10-12;M;34;1;4;701;33075;3499
Hovedstaden;2020-10-13;F;87;0;4;701;33162;3503
Midtjylland;2020-10-13;F;42;0;5;701;33204;3508
Nordjylland;2020-10-13;F;21;1;0;702;33225;3508
Sjælland;2020-10-13;F;13;0;2;702;33238;3510
Syddanmark;2020-10-13;F;44;0;4;702;33282;3514
Hovedstaden;2020-10-13;M;66;1;4;703;33348;3518
Midtjylland;2020-10-13;M;53;0;0;703;33401;3518
Nordjylland;2020-10-13;M;34;0;0;703;33435;3518
Sjælland;2020-10-13;M;11;0;0;703;33446;3518
Syddanmark;2020-10-13;M;50;1;1;704;33496;3519
Hovedstaden;2020-10-14;F;98;0;6;704;33594;3525
Midtjylland;2020-10-14;F;46;0;2;704;33640;3527
Nordjylland;2020-10-14;F;31;1;1;705;33671;3528
Sjælland;2020-10-14;F;11;0;0;705;33682;3528
Syddanmark;2020-10-14;F;34;0;0;705;33716;3528
Hovedstaden;2020-10-14;M;103;2;8;707;33819;3536
Midtjylland;2020-10-14;M;50;1;2;708;33869;3538
Nordjylland;2020-10-14;M;31;1;3;709;33900;3541
Sjælland;2020-10-14;M;25;0;0;709;33925;3541
Syddanmark;2020-10-14;M;40;0;2;709;33965;3543
Hovedstaden;2020-10-15;F;94;0;4;709;34059;3547
Midtjylland;2020-10-15;F;53;0;1;709;34112;3548
Nordjylland;2020-10-15;F;18;0;0;709;34130;3548
Sjælland;2020-10-15;F;13;0;2;709;34143;3550
Syddanmark;2020-10-15;F;38;0;3;709;34181;3553
Hovedstaden;2020-10-15;M;87;1;7;710;34268;3560
Midtjylland;2020-10-15;M;58;0;3;710;34326;3563
Nordjylland;2020-10-15;M;15;0;0;710;34341;3563
Sjælland;2020-10-15;M;26;0;1;710;34367;3564
Syddanmark;2020-10-15;M;46;0;1;710;34413;3565
Hovedstaden;2020-10-16;F;106;1;7;711;34519;3572
Midtjylland;2020-10-16;F;60;0;1;711;34579;3573
Nordjylland;2020-10-16;F;28;0;0;711;34607;3573
Sjælland;2020-10-16;F;25;0;0;711;34632;3573
Syddanmark;2020-10-16;F;32;0;1;711;34664;3574
Hovedstaden;2020-10-16;M;81;1;3;712;34745;3577
Midtjylland;2020-10-16;M;44;0;1;712;34789;3578
Nordjylland;2020-10-16;M;21;1;1;713;34810;3579
Sjælland;2020-10-16;M;23;0;4;713;34833;3583
Syddanmark;2020-10-16;M;45;0;4;713;34878;3587
Hovedstaden;2020-10-17;F;103;0;6;713;34981;3593
Midtjylland;2020-10-17;F;36;0;1;713;35017;3594
Nordjylland;2020-10-17;F;21;0;0;713;35038;3594
Sjælland;2020-10-17;F;12;0;0;713;35050;3594
Syddanmark;2020-10-17;F;40;0;0;713;35090;3594
Hovedstaden;2020-10-17;M;114;0;7;713;35204;3601
Midtjylland;2020-10-17;M;39;0;2;713;35243;3603
Nordjylland;2020-10-17;M;21;0;3;713;35264;3606
Sjælland;2020-10-17;M;16;0;0;713;35280;3606
Syddanmark;2020-10-17;M;29;0;0;713;35309;3606
Hovedstaden;2020-10-18;F;104;0;7;713;35413;3613
Midtjylland;2020-10-18;F;39;0;3;713;35452;3616
Nordjylland;2020-10-18;F;19;0;1;713;35471;3617
Sjælland;2020-10-18;F;20;0;0;713;35491;3617
Syddanmark;2020-10-18;F;44;0;2;713;35535;3619
Hovedstaden;2020-10-18;M;124;0;8;713;35659;3627
Midtjylland;2020-10-18;M;32;0;3;713;35691;3630
Nordjylland;2020-10-18;M;24;1;3;714;35715;3633
Sjælland;2020-10-18;M;15;0;0;714;35730;3633
Syddanmark;2020-10-18;M;33;2;3;716;35763;3636
Hovedstaden;2020-10-19;F;144;0;6;716;35907;3642
Midtjylland;2020-10-19;F;65;2;2;718;35972;3644
Nordjylland;2020-10-19;F;37;1;1;719;36009;3645
Sjælland;2020-10-19;F;32;0;0;719;36041;3645
Syddanmark;2020-10-19;F;51;0;2;719;36092;3647
Hovedstaden;2020-10-19;M;149;1;5;720;36241;3652
Midtjylland;2020-10-19;M;73;0;0;720;36314;3652
Nordjylland;2020-10-19;M;35;0;0;720;36349;3652
Sjælland;2020-10-19;M;36;0;1;720;36385;3653
Syddanmark;2020-10-19;M;64;0;2;720;36449;3655
Hovedstaden;2020-10-20;F;155;0;3;720;36604;3658
Midtjylland;2020-10-20;F;80;0;2;720;36684;3660
Nordjylland;2020-10-20;F;43;1;2;721;36727;3662
Sjælland;2020-10-20;F;34;0;4;721;36761;3666
Syddanmark;2020-10-20;F;58;0;5;721;36819;3671
Hovedstaden;2020-10-20;M;163;2;8;723;36982;3679
Midtjylland;2020-10-20;M;111;0;3;723;37093;3682
Nordjylland;2020-10-20;M;41;2;0;725;37134;3682
Sjælland;2020-10-20;M;36;0;2;725;37170;3684
Syddanmark;2020-10-20;M;59;0;3;725;37229;3687
Hovedstaden;2020-10-21;F;152;1;5;726;37381;3692
Midtjylland;2020-10-21;F;114;0;6;726;37495;3698
Nordjylland;2020-10-21;F;45;0;1;726;37540;3699
Sjælland;2020-10-21;F;37;0;2;726;37577;3701
Syddanmark;2020-10-21;F;46;0;0;726;37623;3701
Hovedstaden;2020-10-21;M;178;2;8;728;37801;3709
Midtjylland;2020-10-21;M;119;0;4;728;37920;3713
Nordjylland;2020-10-21;M;47;1;1;729;37967;3714
Sjælland;2020-10-21;M;39;0;0;729;38006;3714
Syddanmark;2020-10-21;M;69;0;0;729;38075;3714
Hovedstaden;2020-10-22;F;202;2;9;731;38277;3723
Midtjylland;2020-10-22;F;77;1;1;732;38354;3724
Nordjylland;2020-10-22;F;49;0;0;732;38403;3724
Sjælland;2020-10-22;F;36;0;1;732;38439;3725
Syddanmark;2020-10-22;F;58;0;2;732;38497;3727
Hovedstaden;2020-10-22;M;205;1;8;733;38702;3735
Midtjylland;2020-10-22;M;74;0;3;733;38776;3738
Nordjylland;2020-10-22;M;53;0;1;733;38829;3739
Sjælland;2020-10-22;M;39;0;0;733;38868;3739
Syddanmark;2020-10-22;M;72;1;3;734;38940;3742
Hovedstaden;2020-10-23;F;181;0;8;734;39121;3750
Midtjylland;2020-10-23;F;74;0;0;734;39195;3750
Nordjylland;2020-10-23;F;54;0;0;734;39249;3750
Sjælland;2020-10-23;F;37;0;0;734;39286;3750
Syddanmark;2020-10-23;F;56;0;1;734;39342;3751
Hovedstaden;2020-10-23;M;189;0;3;734;39531;3754
Midtjylland;2020-10-23;M;99;0;1;734;39630;3755
Nordjylland;2020-10-23;M;63;0;3;734;39693;3758
Sjælland;2020-10-23;M;42;0;3;734;39735;3761
Syddanmark;2020-10-23;M;65;0;4;734;39800;3765
Hovedstaden;2020-10-24;F;186;2;7;736;39986;3772
Midtjylland;2020-10-24;F;69;0;4;736;40055;3776
Nordjylland;2020-10-24;F;58;0;2;736;40113;3778
Sjælland;2020-10-24;F;41;0;1;736;40154;3779
Syddanmark;2020-10-24;F;44;0;1;736;40198;3780
Hovedstaden;2020-10-24;M;199;1;9;737;40397;3789
Midtjylland;2020-10-24;M;75;0;2;737;40472;3791
Nordjylland;2020-10-24;M;46;0;2;737;40518;3793
Sjælland;2020-10-24;M;48;0;5;737;40566;3798
Syddanmark;2020-10-24;M;53;0;1;737;40619;3799
Hovedstaden;2020-10-25;F;211;0;9;737;40830;3808
Midtjylland;2020-10-25;F;81;0;0;737;40911;3808
Nordjylland;2020-10-25;F;66;0;3;737;40977;3811
Sjælland;2020-10-25;F;44;0;2;737;41021;3813
Syddanmark;2020-10-25;F;67;0;2;737;41088;3815
Hovedstaden;2020-10-25;M;229;0;6;737;41317;3821
Midtjylland;2020-10-25;M;75;0;0;737;41392;3821
Nordjylland;2020-10-25;M;42;0;1;737;41434;3822
Sjælland;2020-10-25;M;35;0;1;737;41469;3823
Syddanmark;2020-10-25;M;67;0;2;737;41536;3825
Hovedstaden;2020-10-26;F;230;0;11;737;41766;3836
Midtjylland;2020-10-26;F;87;0;3;737;41853;3839
Nordjylland;2020-10-26;F;54;1;2;738;41907;3841
Sjælland;2020-10-26;F;46;0;4;738;41953;3845
Syddanmark;2020-10-26;F;77;0;1;738;42030;3846
Hovedstaden;2020-10-26;M;213;0;5;738;42243;3851
Midtjylland;2020-10-26;M;74;0;3;738;42317;3854
Nordjylland;2020-10-26;M;78;0;4;738;42395;3858
Sjælland;2020-10-26;M;53;0;2;738;42448;3860
Syddanmark;2020-10-26;M;89;0;6;738;42537;3866
Hovedstaden;2020-10-27;F;301;1;13;739;42838;3879
Midtjylland;2020-10-27;F;113;0;1;739;42951;3880
Nordjylland;2020-10-27;F;69;0;3;739;43020;3883
Sjælland;2020-10-27;F;67;0;2;739;43087;3885
Syddanmark;2020-10-27;F;69;0;4;739;43156;3889
Hovedstaden;2020-10-27;M;272;0;5;739;43428;3894
Midtjylland;2020-10-27;M;124;0;6;739;43552;3900
Nordjylland;2020-10-27;M;79;2;4;741;43631;3904
Sjælland;2020-10-27;M;68;0;0;741;43699;3904
Syddanmark;2020-10-27;M;76;0;7;741;43775;3911
Hovedstaden;2020-10-28;F;258;0;10;741;44033;3921
Midtjylland;2020-10-28;F;122;1;5;742;44155;3926
Nordjylland;2020-10-28;F;61;0;3;742;44216;3929
Sjælland;2020-10-28;F;67;0;0;742;44283;3929
Syddanmark;2020-10-28;F;76;0;6;742;44359;3935
Hovedstaden;2020-10-28;M;271;3;10;745;44630;3945
Midtjylland;2020-10-28;M;108;0;4;745;44738;3949
Nordjylland;2020-10-28;M;55;0;4;745;44793;3953
Sjælland;2020-10-28;M;74;1;1;746;44867;3954
Syddanmark;2020-10-28;M;109;0;3;746;44976;3957
Hovedstaden;2020-10-29;F;220;1;5;747;45196;3962
Midtjylland;2020-10-29;F;57;0;5;747;45253;3967
Nordjylland;2020-10-29;F;49;0;2;747;45302;3969
Sjælland;2020-10-29;F;53;0;3;747;45355;3972
Syddanmark;2020-10-29;F;73;0;1;747;45428;3973
Hovedstaden;2020-10-29;M;239;2;9;749;45667;3982
Midtjylland;2020-10-29;M;81;0;1;749;45748;3983
Nordjylland;2020-10-29;M;70;0;2;749;45818;3985
Sjælland;2020-10-29;M;67;1;2;750;45885;3987
Syddanmark;2020-10-29;M;99;1;6;751;45984;3993
Hovedstaden;2020-10-30;F;239;0;7;751;46223;4000
Midtjylland;2020-10-30;F;98;0;3;751;46321;4003
Nordjylland;2020-10-30;F;57;0;1;751;46378;4004
Sjælland;2020-10-30;F;83;0;2;751;46461;4006
Syddanmark;2020-10-30;F;56;0;3;751;46517;4009
Hovedstaden;2020-10-30;M;254;1;11;752;46771;4020
Midtjylland;2020-10-30;M;97;3;5;755;46868;4025
Nordjylland;2020-10-30;M;56;0;3;755;46924;4028
Sjælland;2020-10-30;M;69;1;2;756;46993;4030
Syddanmark;2020-10-30;M;69;0;1;756;47062;4031
Hovedstaden;2020-10-31;F;246;1;7;757;47308;4038
Midtjylland;2020-10-31;F;91;0;1;757;47399;4039
Nordjylland;2020-10-31;F;48;0;0;757;47447;4039
Sjælland;2020-10-31;F;56;0;3;757;47503;4042
Syddanmark;2020-10-31;F;41;1;2;758;47544;4044
Hovedstaden;2020-10-31;M;258;0;12;758;47802;4056
Midtjylland;2020-10-31;M;75;0;3;758;47877;4059
Nordjylland;2020-10-31;M;48;0;0;758;47925;4059
Sjælland;2020-10-31;M;52;0;0;758;47977;4059
Syddanmark;2020-10-31;M;58;0;1;758;48035;4060
Hovedstaden;2020-11-01;F;236;1;9;759;48271;4069
Midtjylland;2020-11-01;F;88;1;5;760;48359;4074
Nordjylland;2020-11-01;F;50;0;1;760;48409;4075
Sjælland;2020-11-01;F;41;0;1;760;48450;4076
Syddanmark;2020-11-01;F;75;2;4;762;48525;4080
Hovedstaden;2020-11-01;M;229;0;9;762;48754;4089
Midtjylland;2020-11-01;M;84;0;2;762;48838;4091
Nordjylland;2020-11-01;M;45;1;2;763;48883;4093
Sjælland;2020-11-01;M;43;0;3;763;48926;4096
Syddanmark;2020-11-01;M;61;0;3;763;48987;4099
Hovedstaden;2020-11-02;F;318;2;9;765;49305;4108
Midtjylland;2020-11-02;F;100;0;3;765;49405;4111
Nordjylland;2020-11-02;F;59;1;2;766;49464;4113
Sjælland;2020-11-02;F;90;0;2;766;49554;4115
Syddanmark;2020-11-02;F;89;1;3;767;49643;4118
Hovedstaden;2020-11-02;M;286;1;7;768;49929;4125
Midtjylland;2020-11-02;M;104;0;3;768;50033;4128
Nordjylland;2020-11-02;M;57;0;0;768;50090;4128
Sjælland;2020-11-02;M;93;0;1;768;50183;4129
Syddanmark;2020-11-02;M;74;0;5;768;50257;4134
Hovedstaden;2020-11-03;F;304;2;14;770;50561;4148
Midtjylland;2020-11-03;F;109;0;0;770;50670;4148
Nordjylland;2020-11-03;F;75;0;4;770;50745;4152
Sjælland;2020-11-03;F;78;1;5;771;50823;4157
Syddanmark;2020-11-03;F;78;0;7;771;50901;4164
Hovedstaden;2020-11-03;M;274;0;10;771;51175;4174
Midtjylland;2020-11-03;M;104;0;5;771;51279;4179
Nordjylland;2020-11-03;M;62;1;3;772;51341;4182
Sjælland;2020-11-03;M;67;0;2;772;51408;4184
Syddanmark;2020-11-03;M;103;0;2;772;51511;4186
Hovedstaden;2020-11-04;F;278;0;10;772;51789;4196
Midtjylland;2020-11-04;F;126;1;2;773;51915;4198
Nordjylland;2020-11-04;F;39;0;1;773;51954;4199
Sjælland;2020-11-04;F;96;3;6;776;52050;4205
Syddanmark;2020-11-04;F;75;0;3;776;52125;4208
Hovedstaden;2020-11-04;M;304;1;11;777;52429;4219
Midtjylland;2020-11-04;M;108;1;5;778;52537;4224
Nordjylland;2020-11-04;M;44;0;1;778;52581;4225
Sjælland;2020-11-04;M;75;1;6;779;52656;4231
Syddanmark;2020-11-04;M;97;0;5;779;52753;4236
Hovedstaden;2020-11-05;F;239;2;9;781;52992;4245
Midtjylland;2020-11-05;F;102;0;4;781;53094;4249
Nordjylland;2020-11-05;F;45;1;3;782;53139;4252
Sjælland;2020-11-05;F;62;0;5;782;53201;4257
Syddanmark;2020-11-05;F;69;0;5;782;53270;4262
Hovedstaden;2020-11-05;M;231;1;6;783;53501;4268
Midtjylland;2020-11-05;M;81;0;6;783;53582;4274
Nordjylland;2020-11-05;M;38;1;1;784;53620;4275
Sjælland;2020-11-05;M;79;0;4;784;53699;4279
Syddanmark;2020-11-05;M;81;0;3;784;53780;4282
Hovedstaden;2020-11-06;F;209;0;10;784;53989;4292
Midtjylland;2020-11-06;F;77;2;2;786;54066;4294
Nordjylland;2020-11-06;F;29;0;1;786;54095;4295
Sjælland;2020-11-06;F;71;0;1;786;54166;4296
Syddanmark;2020-11-06;F;66;0;2;786;54232;4298
Hovedstaden;2020-11-06;M;255;2;14;788;54487;4312
Midtjylland;2020-11-06;M;85;0;8;788;54572;4320
Nordjylland;2020-11-06;M;31;0;0;788;54603;4320
Sjælland;2020-11-06;M;72;0;2;788;54675;4322
Syddanmark;2020-11-06;M;64;0;2;788;54739;4324
Hovedstaden;2020-11-07;F;194;0;0;788;54933;4324
Midtjylland;2020-11-07;F;89;0;1;788;55022;4325
Nordjylland;2020-11-07;F;29;0;2;788;55051;4327
Sjælland;2020-11-07;F;58;0;2;788;55109;4329
Syddanmark;2020-11-07;F;55;0;0;788;55164;4329
Hovedstaden;2020-11-07;M;191;0;5;788;55355;4334
Midtjylland;2020-11-07;M;86;0;3;788;55441;4337
Nordjylland;2020-11-07;M;39;0;0;788;55480;4337
Sjælland;2020-11-07;M;57;2;3;790;55537;4340
Syddanmark;2020-11-07;M;47;0;2;790;55584;4342
Hovedstaden;2020-11-08;F;159;1;6;791;55743;4348
Midtjylland;2020-11-08;F;75;0;2;791;55818;4350
Nordjylland;2020-11-08;F;20;1;1;792;55838;4351
Sjælland;2020-11-08;F;41;0;1;792;55879;4352
Syddanmark;2020-11-08;F;49;0;2;792;55928;4354
Hovedstaden;2020-11-08;M;193;0;9;792;56121;4363
Midtjylland;2020-11-08;M;79;1;3;793;56200;4366
Nordjylland;2020-11-08;M;21;0;0;793;56221;4366
Sjælland;2020-11-08;M;49;0;4;793;56270;4370
Syddanmark;2020-11-08;M;51;0;1;793;56321;4371
Hovedstaden;2020-11-09;F;228;0;13;793;56549;4384
Midtjylland;2020-11-09;F;90;2;6;795;56639;4390
Nordjylland;2020-11-09;F;40;0;1;795;56679;4391
Sjælland;2020-11-09;F;69;0;3;795;56748;4394
Syddanmark;2020-11-09;F;76;0;2;795;56824;4396
Hovedstaden;2020-11-09;M;253;3;12;798;57077;4408
Midtjylland;2020-11-09;M;114;3;5;801;57191;4413
Nordjylland;2020-11-09;M;32;0;4;801;57223;4417
Sjælland;2020-11-09;M;49;0;3;801;57272;4420
Syddanmark;2020-11-09;M;88;0;5;801;57360;4425
Hovedstaden;2020-11-10;F;275;0;11;801;57635;4436
Midtjylland;2020-11-10;F;122;1;7;802;57757;4443
Nordjylland;2020-11-10;F;30;0;2;802;57787;4445
Sjælland;2020-11-10;F;81;0;6;802;57868;4451
Syddanmark;2020-11-10;F;72;0;2;802;57940;4453
Hovedstaden;2020-11-10;M;219;0;6;802;58159;4459
Midtjylland;2020-11-10;M;103;0;1;802;58262;4460
Nordjylland;2020-11-10;M;31;0;0;802;58293;4460
Sjælland;2020-11-10;M;66;0;4;802;58359;4464
Syddanmark;2020-11-10;M;54;0;1;802;58413;4465
Hovedstaden;2020-11-11;F;218;1;7;803;58631;4472
Midtjylland;2020-11-11;F;131;0;2;803;58762;4474
Nordjylland;2020-11-11;F;27;0;1;803;58789;4475
Sjælland;2020-11-11;F;67;0;1;803;58856;4476
Syddanmark;2020-11-11;F;71;0;1;803;58927;4477
Hovedstaden;2020-11-11;M;223;2;9;805;59150;4486
Midtjylland;2020-11-11;M;132;2;9;807;59282;4495
Nordjylland;2020-11-11;M;43;0;1;807;59325;4496
Sjælland;2020-11-11;M;85;0;4;807;59410;4500
Syddanmark;2020-11-11;M;91;1;6;808;59501;4506
Hovedstaden;2020-11-12;F;237;3;10;811;59738;4516
Midtjylland;2020-11-12;F;126;1;6;812;59864;4522
Nordjylland;2020-11-12;F;28;1;0;813;59892;4522
Sjælland;2020-11-12;F;45;0;2;813;59937;4524
Syddanmark;2020-11-12;F;70;0;0;813;60007;4524
Hovedstaden;2020-11-12;M;238;2;10;815;60245;4534
Midtjylland;2020-11-12;M;122;2;4;817;60367;4538
Nordjylland;2020-11-12;M;39;0;1;817;60406;4539
Sjælland;2020-11-12;M;73;0;0;817;60479;4539
Syddanmark;2020-11-12;M;74;0;2;817;60553;4541
Hovedstaden;2020-11-13;F;261;3;13;820;60814;4554
Midtjylland;2020-11-13;F;109;0;5;820;60923;4559
Nordjylland;2020-11-13;F;35;0;2;820;60958;4561
Sjælland;2020-11-13;F;68;0;4;820;61026;4565
Syddanmark;2020-11-13;F;69;0;4;820;61095;4569
Hovedstaden;2020-11-13;M;257;1;7;821;61352;4576
Midtjylland;2020-11-13;M;124;1;8;822;61476;4584
Nordjylland;2020-11-13;M;42;0;0;822;61518;4584
Sjælland;2020-11-13;M;83;0;6;822;61601;4590
Syddanmark;2020-11-13;M;99;0;0;822;61700;4590
Hovedstaden;2020-11-14;F;238;0;11;822;61938;4601
Midtjylland;2020-11-14;F;99;2;3;824;62037;4604
Nordjylland;2020-11-14;F;31;0;0;824;62068;4604
Sjælland;2020-11-14;F;59;0;3;824;62127;4607
Syddanmark;2020-11-14;F;85;0;2;824;62212;4609
Hovedstaden;2020-11-14;M;232;0;7;824;62444;4616
Midtjylland;2020-11-14;M;125;0;4;824;62569;4620
Nordjylland;2020-11-14;M;34;0;3;824;62603;4623
Sjælland;2020-11-14;M;44;0;2;824;62647;4625
Syddanmark;2020-11-14;M;97;1;3;825;62744;4628
Hovedstaden;2020-11-15;F;222;1;8;826;62966;4636
Midtjylland;2020-11-15;F;92;0;2;826;63058;4638
Nordjylland;2020-11-15;F;29;0;1;826;63087;4639
Sjælland;2020-11-15;F;50;0;1;826;63137;4640
Syddanmark;2020-11-15;F;80;0;3;826;63217;4643
Hovedstaden;2020-11-15;M;230;0;5;826;63447;4648
Midtjylland;2020-11-15;M;112;0;2;826;63559;4650
Nordjylland;2020-11-15;M;44;0;0;826;63603;4650
Sjælland;2020-11-15;M;60;0;2;826;63663;4652
Syddanmark;2020-11-15;M;70;1;3;827;63733;4655
Hovedstaden;2020-11-16;F;262;0;6;827;63995;4661
Midtjylland;2020-11-16;F;146;0;3;827;64141;4664
Nordjylland;2020-11-16;F;27;0;0;827;64168;4664
Sjælland;2020-11-16;F;59;0;1;827;64227;4665
Syddanmark;2020-11-16;F;107;0;2;827;64334;4667
Hovedstaden;2020-11-16;M;288;2;13;829;64622;4680
Midtjylland;2020-11-16;M;153;1;9;830;64775;4689
Nordjylland;2020-11-16;M;31;1;4;831;64806;4693
Sjælland;2020-11-16;M;84;0;5;831;64890;4698
Syddanmark;2020-11-16;M;92;0;2;831;64982;4700
Hovedstaden;2020-11-17;F;276;0;17;831;65258;4717
Midtjylland;2020-11-17;F;148;0;4;831;65406;4721
Nordjylland;2020-11-17;F;34;0;1;831;65440;4722
Sjælland;2020-11-17;F;68;0;1;831;65508;4723
Syddanmark;2020-11-17;F;112;0;2;831;65620;4725
Hovedstaden;2020-11-17;M;312;1;10;832;65932;4735
Midtjylland;2020-11-17;M;152;0;7;832;66084;4742
Nordjylland;2020-11-17;M;31;1;2;833;66115;4744
Sjælland;2020-11-17;M;69;1;3;834;66184;4747
Syddanmark;2020-11-17;M;125;0;4;834;66309;4751
Hovedstaden;2020-11-18;F;286;0;8;834;66595;4759
Midtjylland;2020-11-18;F;157;1;8;835;66752;4767
Nordjylland;2020-11-18;F;25;0;0;835;66777;4767
Sjælland;2020-11-18;F;66;0;1;835;66843;4768
Syddanmark;2020-11-18;F;104;0;1;835;66947;4769
Hovedstaden;2020-11-18;M;302;4;11;839;67249;4780
Midtjylland;2020-11-18;M;141;0;5;839;67390;4785
Nordjylland;2020-11-18;M;28;0;1;839;67418;4786
Sjælland;2020-11-18;M;81;0;6;839;67499;4792
Syddanmark;2020-11-18;M;137;0;7;839;67636;4799
Hovedstaden;2020-11-19;F;282;4;9;843;67918;4808
Midtjylland;2020-11-19;F;131;5;5;848;68049;4813
Nordjylland;2020-11-19;F;25;0;3;848;68074;4816
Sjælland;2020-11-19;F;59;0;3;848;68133;4819
Syddanmark;2020-11-19;F;101;0;2;848;68234;4821
Hovedstaden;2020-11-19;M;290;0;7;848;68524;4828
Midtjylland;2020-11-19;M;110;2;5;850;68634;4833
Nordjylland;2020-11-19;M;19;0;2;850;68653;4835
Sjælland;2020-11-19;M;81;0;5;850;68734;4840
Syddanmark;2020-11-19;M;121;1;4;851;68855;4844
Hovedstaden;2020-11-20;F;285;6;10;857;69140;4854
Midtjylland;2020-11-20;F;112;5;5;862;69252;4859
Nordjylland;2020-11-20;F;32;1;4;863;69284;4863
Sjælland;2020-11-20;F;77;0;4;863;69361;4867
Syddanmark;2020-11-20;F;108;0;2;863;69469;4869
Hovedstaden;2020-11-20;M;264;0;5;863;69733;4874
Midtjylland;2020-11-20;M;105;3;5;866;69838;4879
Nordjylland;2020-11-20;M;32;1;2;867;69870;4881
Sjælland;2020-11-20;M;79;1;3;868;69949;4884
Syddanmark;2020-11-20;M;126;1;3;869;70075;4887
Hovedstaden;2020-11-21;F;234;0;10;869;70309;4897
Midtjylland;2020-11-21;F;80;0;1;869;70389;4898
Nordjylland;2020-11-21;F;17;0;2;869;70406;4900
Sjælland;2020-11-21;F;56;0;2;869;70462;4902
Syddanmark;2020-11-21;F;68;1;3;870;70530;4905
Hovedstaden;2020-11-21;M;280;2;10;872;70810;4915
Midtjylland;2020-11-21;M;99;0;4;872;70909;4919
Nordjylland;2020-11-21;M;19;0;3;872;70928;4922
Sjælland;2020-11-21;M;55;1;0;873;70983;4922
Syddanmark;2020-11-21;M;93;0;1;873;71076;4923
Hovedstaden;2020-11-22;F;261;1;8;874;71337;4931
Midtjylland;2020-11-22;F;99;0;2;874;71436;4933
Nordjylland;2020-11-22;F;23;0;2;874;71459;4935
Sjælland;2020-11-22;F;39;1;1;875;71498;4936
Syddanmark;2020-11-22;F;76;0;1;875;71574;4937
Hovedstaden;2020-11-22;M;254;4;16;879;71828;4953
Midtjylland;2020-11-22;M;93;0;2;879;71921;4955
Nordjylland;2020-11-22;M;15;0;1;879;71936;4956
Sjælland;2020-11-22;M;56;0;3;879;71992;4959
Syddanmark;2020-11-22;M;93;0;2;879;72085;4961
Hovedstaden;2020-11-23;F;291;3;14;882;72376;4975
Midtjylland;2020-11-23;F;97;0;2;882;72473;4977
Nordjylland;2020-11-23;F;20;0;1;882;72493;4978
Sjælland;2020-11-23;F;75;1;3;883;72568;4981
Syddanmark;2020-11-23;F;115;1;8;884;72683;4989
Hovedstaden;2020-11-23;M;300;3;14;887;72983;5003
Midtjylland;2020-11-23;M;93;2;6;889;73076;5009
Nordjylland;2020-11-23;M;15;0;0;889;73091;5009
Sjælland;2020-11-23;M;68;0;3;889;73159;5012
Syddanmark;2020-11-23;M;111;0;2;889;73270;5014
Hovedstaden;2020-11-24;F;336;3;6;892;73606;5020
Midtjylland;2020-11-24;F;121;1;2;893;73727;5022
Nordjylland;2020-11-24;F;21;0;0;893;73748;5022
Sjælland;2020-11-24;F;76;0;2;893;73824;5024
Syddanmark;2020-11-24;F;96;0;0;893;73920;5024
Hovedstaden;2020-11-24;M;336;1;18;894;74256;5042
Midtjylland;2020-11-24;M;114;1;9;895;74370;5051
Nordjylland;2020-11-24;M;21;0;0;895;74391;5051
Sjælland;2020-11-24;M;74;0;5;895;74465;5056
Syddanmark;2020-11-24;M;128;0;6;895;74593;5062
Hovedstaden;2020-11-25;F;333;1;6;896;74926;5068
Midtjylland;2020-11-25;F;98;0;5;896;75024;5073
Nordjylland;2020-11-25;F;26;0;1;896;75050;5074
Sjælland;2020-11-25;F;81;0;2;896;75131;5076
Syddanmark;2020-11-25;F;89;0;2;896;75220;5078
Hovedstaden;2020-11-25;M;335;0;6;896;75555;5084
Midtjylland;2020-11-25;M;134;2;9;898;75689;5093
Nordjylland;2020-11-25;M;20;1;2;899;75709;5095
Sjælland;2020-11-25;M;89;3;7;902;75798;5102
Syddanmark;2020-11-25;M;103;1;8;903;75901;5110
Hovedstaden;2020-11-26;F;319;0;5;903;76220;5115
Midtjylland;2020-11-26;F;117;2;5;905;76337;5120
Nordjylland;2020-11-26;F;25;0;1;905;76362;5121
Sjælland;2020-11-26;F;94;0;4;905;76456;5125
Syddanmark;2020-11-26;F;99;0;3;905;76555;5128
Hovedstaden;2020-11-26;M;300;5;14;910;76855;5142
Midtjylland;2020-11-26;M;128;0;2;910;76983;5144
Nordjylland;2020-11-26;M;19;0;0;910;77002;5144
Sjælland;2020-11-26;M;71;1;5;911;77073;5149
Syddanmark;2020-11-26;M;82;0;2;911;77155;5151
Hovedstaden;2020-11-27;F;343;7;21;918;77498;5172
Midtjylland;2020-11-27;F;115;1;6;919;77613;5178
Nordjylland;2020-11-27;F;16;0;2;919;77629;5180
Sjælland;2020-11-27;F;60;0;1;919;77689;5181
Syddanmark;2020-11-27;F;111;1;4;920;77800;5185
Hovedstaden;2020-11-27;M;349;0;14;920;78149;5199
Midtjylland;2020-11-27;M;116;3;6;923;78265;5205
Nordjylland;2020-11-27;M;22;0;0;923;78287;5205
Sjælland;2020-11-27;M;73;0;4;923;78360;5209
Syddanmark;2020-11-27;M;102;0;3;923;78462;5212
Hovedstaden;2020-11-28;F;313;0;6;923;78775;5218
Midtjylland;2020-11-28;F;98;0;1;923;78873;5219
Nordjylland;2020-11-28;F;13;0;1;923;78886;5220
Sjælland;2020-11-28;F;67;0;1;923;78953;5221
Syddanmark;2020-11-28;F;66;0;1;923;79019;5222
Hovedstaden;2020-11-28;M;314;1;12;924;79333;5234
Midtjylland;2020-11-28;M;115;1;5;925;79448;5239
Nordjylland;2020-11-28;M;12;0;1;925;79460;5240
Sjælland;2020-11-28;M;79;0;3;925;79539;5243
Syddanmark;2020-11-28;M;73;1;3;926;79612;5246
Hovedstaden;2020-11-29;F;326;0;7;926;79938;5253
Midtjylland;2020-11-29;F;76;0;3;926;80014;5256
Nordjylland;2020-11-29;F;12;0;0;926;80026;5256
Sjælland;2020-11-29;F;63;3;4;929;80089;5260
Syddanmark;2020-11-29;F;70;0;1;929;80159;5261
Hovedstaden;2020-11-29;M;348;3;5;932;80507;5266
Midtjylland;2020-11-29;M;109;1;4;933;80616;5270
Nordjylland;2020-11-29;M;25;0;1;933;80641;5271
Sjælland;2020-11-29;M;80;1;2;934;80721;5273
Syddanmark;2020-11-29;M;64;0;1;934;80785;5274
Hovedstaden;2020-11-30;F;408;5;21;939;81193;5295
Midtjylland;2020-11-30;F;160;2;6;941;81353;5301
Nordjylland;2020-11-30;F;24;0;0;941;81377;5301
Sjælland;2020-11-30;F;110;0;4;941;81487;5305
Syddanmark;2020-11-30;F;94;0;3;941;81581;5308
Hovedstaden;2020-11-30;M;353;4;9;945;81934;5317
Midtjylland;2020-11-30;M;167;3;5;948;82101;5322
Nordjylland;2020-11-30;M;15;0;0;948;82116;5322
Sjælland;2020-11-30;M;96;0;3;948;82212;5325
Syddanmark;2020-11-30;M;102;0;5;948;82314;5330
Hovedstaden;2020-12-01;F;498;2;18;950;82812;5348
Midtjylland;2020-12-01;F;148;1;8;951;82960;5356
Nordjylland;2020-12-01;F;29;0;1;951;82989;5357
Sjælland;2020-12-01;F;101;0;3;951;83090;5360
Syddanmark;2020-12-01;F;93;0;3;951;83183;5363
Hovedstaden;2020-12-01;M;458;1;8;952;83641;5371
Midtjylland;2020-12-01;M;144;1;7;953;83785;5378
Nordjylland;2020-12-01;M;18;0;1;953;83803;5379
Sjælland;2020-12-01;M;106;1;6;954;83909;5385
Syddanmark;2020-12-01;M;115;0;4;954;84024;5389
Hovedstaden;2020-12-02;F;501;1;16;955;84525;5405
Midtjylland;2020-12-02;F;171;0;7;955;84696;5412
Nordjylland;2020-12-02;F;30;0;0;955;84726;5412
Sjælland;2020-12-02;F;147;1;3;956;84873;5415
Syddanmark;2020-12-02;F;85;2;5;958;84958;5420
Hovedstaden;2020-12-02;M;523;2;19;960;85481;5439
Midtjylland;2020-12-02;M;155;0;11;960;85636;5450
Nordjylland;2020-12-02;M;30;0;0;960;85666;5450
Sjælland;2020-12-02;M;122;1;4;961;85788;5454
Syddanmark;2020-12-02;M;111;1;2;962;85899;5456
Hovedstaden;2020-12-03;F;534;2;20;964;86433;5476
Midtjylland;2020-12-03;F;155;0;6;964;86588;5482
Nordjylland;2020-12-03;F;23;0;0;964;86611;5482
Sjælland;2020-12-03;F;127;1;6;965;86738;5488
Syddanmark;2020-12-03;F;131;0;4;965;86869;5492
Hovedstaden;2020-12-03;M;487;2;14;967;87356;5506
Midtjylland;2020-12-03;M;176;3;7;970;87532;5513
Nordjylland;2020-12-03;M;30;0;0;970;87562;5513
Sjælland;2020-12-03;M;123;0;6;970;87685;5519
Syddanmark;2020-12-03;M;117;0;3;970;87802;5522
Hovedstaden;2020-12-04;F;529;2;23;972;88331;5545
Midtjylland;2020-12-04;F;207;1;5;973;88538;5550
Nordjylland;2020-12-04;F;26;0;1;973;88564;5551
Sjælland;2020-12-04;F;139;0;2;973;88703;5553
Syddanmark;2020-12-04;F;106;0;2;973;88809;5555
Hovedstaden;2020-12-04;M;525;4;21;977;89334;5576
Midtjylland;2020-12-04;M;194;1;8;978;89528;5584
Nordjylland;2020-12-04;M;39;0;0;978;89567;5584
Sjælland;2020-12-04;M;124;0;5;978;89691;5589
Syddanmark;2020-12-04;M;121;0;1;978;89812;5590
Hovedstaden;2020-12-05;F;483;6;21;984;90295;5611
Midtjylland;2020-12-05;F;138;3;5;987;90433;5616
Nordjylland;2020-12-05;F;25;0;0;987;90458;5616
Sjælland;2020-12-05;F;150;2;7;989;90608;5623
Syddanmark;2020-12-05;F;75;1;2;990;90683;5625
Hovedstaden;2020-12-05;M;491;5;20;995;91174;5645
Midtjylland;2020-12-05;M;128;0;7;995;91302;5652
Nordjylland;2020-12-05;M;28;1;3;996;91330;5655
Sjælland;2020-12-05;M;117;1;7;997;91447;5662
Syddanmark;2020-12-05;M;80;0;4;997;91527;5666
Hovedstaden;2020-12-06;F;600;2;19;999;92127;5685
Midtjylland;2020-12-06;F;163;0;5;999;92290;5690
Nordjylland;2020-12-06;F;42;1;1;1000;92332;5691
Sjælland;2020-12-06;F;136;0;5;1000;92468;5696
Syddanmark;2020-12-06;F;90;0;1;1000;92558;5697
Hovedstaden;2020-12-06;M;513;5;28;1005;93071;5725
Midtjylland;2020-12-06;M;141;0;3;1005;93212;5728
Nordjylland;2020-12-06;M;28;0;0;1005;93240;5728
Sjælland;2020-12-06;M;138;1;9;1006;93378;5737
Syddanmark;2020-12-06;M;123;1;4;1007;93501;5741
Hovedstaden;2020-12-07;F;757;11;36;1018;94258;5777
Midtjylland;2020-12-07;F;228;1;5;1019;94486;5782
Nordjylland;2020-12-07;F;47;0;1;1019;94533;5783
Sjælland;2020-12-07;F;198;0;9;1019;94731;5792
Syddanmark;2020-12-07;F;158;0;4;1019;94889;5796
Hovedstaden;2020-12-07;M;752;8;35;1027;95641;5831
Midtjylland;2020-12-07;M;213;0;5;1027;95854;5836
Nordjylland;2020-12-07;M;58;1;2;1028;95912;5838
Sjælland;2020-12-07;M;182;0;8;1028;96094;5846
Syddanmark;2020-12-07;M;149;1;8;1029;96243;5854
Hovedstaden;2020-12-08;F;861;5;24;1034;97104;5878
Midtjylland;2020-12-08;F;265;0;8;1034;97369;5886
Nordjylland;2020-12-08;F;78;0;3;1034;97447;5889
Sjælland;2020-12-08;F;232;1;9;1035;97679;5898
Syddanmark;2020-12-08;F;154;1;7;1036;97833;5905
Hovedstaden;2020-12-08;M;807;7;31;1043;98640;5936
Midtjylland;2020-12-08;M;252;1;6;1044;98892;5942
Nordjylland;2020-12-08;M;61;0;3;1044;98953;5945
Sjælland;2020-12-08;M;234;1;4;1045;99187;5949
Syddanmark;2020-12-08;M;171;0;2;1045;99358;5951
Hovedstaden;2020-12-09;F;835;2;29;1047;100193;5980
Midtjylland;2020-12-09;F;304;3;4;1050;100497;5984
Nordjylland;2020-12-09;F;66;0;0;1050;100563;5984
Sjælland;2020-12-09;F;228;1;13;1051;100791;5997
Syddanmark;2020-12-09;F;172;0;2;1051;100963;5999
Hovedstaden;2020-12-09;M;855;4;21;1055;101818;6020
Midtjylland;2020-12-09;M;274;1;8;1056;102092;6028
Nordjylland;2020-12-09;M;79;0;1;1056;102171;6029
Sjælland;2020-12-09;M;210;2;9;1058;102381;6038
Syddanmark;2020-12-09;M;159;0;2;1058;102540;6040
Hovedstaden;2020-12-10;F;941;9;32;1067;103481;6072
Midtjylland;2020-12-10;F;319;1;7;1068;103800;6079
Nordjylland;2020-12-10;F;78;0;4;1068;103878;6083
Sjælland;2020-12-10;F;243;1;5;1069;104121;6088
Syddanmark;2020-12-10;F;145;2;5;1071;104266;6093
Hovedstaden;2020-12-10;M;860;8;33;1079;105126;6126
Midtjylland;2020-12-10;M;277;2;4;1081;105403;6130
Nordjylland;2020-12-10;M;88;1;1;1082;105491;6131
Sjælland;2020-12-10;M;184;1;12;1083;105675;6143
Syddanmark;2020-12-10;M;132;0;4;1083;105807;6147
Hovedstaden;2020-12-11;F;839;7;35;1090;106646;6182
Midtjylland;2020-12-11;F;303;0;11;1090;106949;6193
Nordjylland;2020-12-11;F;58;1;0;1091;107007;6193
Sjælland;2020-12-11;F;252;2;10;1093;107259;6203
Syddanmark;2020-12-11;F;161;1;6;1094;107420;6209
Hovedstaden;2020-12-11;M;897;6;43;1100;108317;6252
Midtjylland;2020-12-11;M;278;0;14;1100;108595;6266
Nordjylland;2020-12-11;M;67;0;1;1100;108662;6267
Sjælland;2020-12-11;M;249;1;9;1101;108911;6276
Syddanmark;2020-12-11;M;170;0;5;1101;109081;6281
Hovedstaden;2020-12-12;F;854;3;40;1104;109935;6321
Midtjylland;2020-12-12;F;267;0;4;1104;110202;6325
Nordjylland;2020-12-12;F;76;0;3;1104;110278;6328
Sjælland;2020-12-12;F;226;0;1;1104;110504;6329
Syddanmark;2020-12-12;F;149;0;4;1104;110653;6333
Hovedstaden;2020-12-12;M;826;3;17;1107;111479;6350
Midtjylland;2020-12-12;M;276;1;8;1108;111755;6358
Nordjylland;2020-12-12;M;85;1;4;1109;111840;6362
Sjælland;2020-12-12;M;186;0;8;1109;112026;6370
Syddanmark;2020-12-12;M;137;0;3;1109;112163;6373
Hovedstaden;2020-12-13;F;966;8;43;1117;113129;6416
Midtjylland;2020-12-13;F;245;2;6;1119;113374;6422
Nordjylland;2020-12-13;F;61;0;5;1119;113435;6427
Sjælland;2020-12-13;F;206;0;6;1119;113641;6433
Syddanmark;2020-12-13;F;152;0;1;1119;113793;6434
Hovedstaden;2020-12-13;M;924;7;37;1126;114717;6471
Midtjylland;2020-12-13;M;231;1;9;1127;114948;6480
Nordjylland;2020-12-13;M;62;2;6;1129;115010;6486
Sjælland;2020-12-13;M;169;0;15;1129;115179;6501
Syddanmark;2020-12-13;M;147;1;7;1130;115326;6508
Hovedstaden;2020-12-14;F;1031;7;37;1137;116357;6545
Midtjylland;2020-12-14;F;379;1;10;1138;116736;6555
Nordjylland;2020-12-14;F;94;1;3;1139;116830;6558
Sjælland;2020-12-14;F;320;4;15;1143;117150;6573
Syddanmark;2020-12-14;F;206;0;8;1143;117356;6581
Hovedstaden;2020-12-14;M;971;12;45;1155;118327;6626
Midtjylland;2020-12-14;M;375;1;9;1156;118702;6635
Nordjylland;2020-12-14;M;99;0;5;1156;118801;6640
Sjælland;2020-12-14;M;271;4;15;1160;119072;6655
Syddanmark;2020-12-14;M;212;2;3;1162;119284;6658
Hovedstaden;2020-12-15;F;1109;5;42;1167;120393;6700
Midtjylland;2020-12-15;F;417;2;9;1169;120810;6709
Nordjylland;2020-12-15;F;97;0;2;1169;120907;6711
Sjælland;2020-12-15;F;322;4;13;1173;121229;6724
Syddanmark;2020-12-15;F;266;1;4;1174;121495;6728
Hovedstaden;2020-12-15;M;1006;2;29;1176;122501;6757
Midtjylland;2020-12-15;M;378;4;14;1180;122879;6771
Nordjylland;2020-12-15;M;113;1;1;1181;122992;6772
Sjælland;2020-12-15;M;287;4;19;1185;123279;6791
Syddanmark;2020-12-15;M;269;1;10;1186;123548;6801
Hovedstaden;2020-12-16;F;1184;5;59;1191;124732;6860
Midtjylland;2020-12-16;F;365;0;10;1191;125097;6870
Nordjylland;2020-12-16;F;113;1;2;1192;125210;6872
Sjælland;2020-12-16;F;378;2;15;1194;125588;6887
Syddanmark;2020-12-16;F;258;1;8;1195;125846;6895
Hovedstaden;2020-12-16;M;1016;5;44;1200;126862;6939
Midtjylland;2020-12-16;M;379;2;16;1202;127241;6955
Nordjylland;2020-12-16;M;113;1;7;1203;127354;6962
Sjælland;2020-12-16;M;306;1;18;1204;127660;6980
Syddanmark;2020-12-16;M;261;1;5;1205;127921;6985
Hovedstaden;2020-12-17;F;910;7;41;1212;128831;7026
Midtjylland;2020-12-17;F;311;1;10;1213;129142;7036
Nordjylland;2020-12-17;F;102;0;1;1213;129244;7037
Sjælland;2020-12-17;F;317;3;13;1216;129561;7050
Syddanmark;2020-12-17;F;252;1;6;1217;129813;7056
Hovedstaden;2020-12-17;M;816;10;60;1227;130629;7116
Midtjylland;2020-12-17;M;294;1;12;1228;130923;7128
Nordjylland;2020-12-17;M;100;0;2;1228;131023;7130
Sjælland;2020-12-17;M;252;3;10;1231;131275;7140
Syddanmark;2020-12-17;M;231;0;11;1231;131506;7151
Hovedstaden;2020-12-18;F;760;7;42;1238;132266;7193
Midtjylland;2020-12-18;F;293;0;5;1238;132559;7198
Nordjylland;2020-12-18;F;101;0;1;1238;132660;7199
Sjælland;2020-12-18;F;247;4;11;1242;132907;7210
Syddanmark;2020-12-18;F;181;3;11;1245;133088;7221
Hovedstaden;2020-12-18;M;751;10;39;1255;133839;7260
Midtjylland;2020-12-18;M;251;5;14;1260;134090;7274
Nordjylland;2020-12-18;M;112;0;3;1260;134202;7277
Sjælland;2020-12-18;M;228;5;18;1265;134430;7295
Syddanmark;2020-12-18;M;190;1;5;1266;134620;7300
Hovedstaden;2020-12-19;F;664;7;41;1273;135284;7341
Midtjylland;2020-12-19;F;251;2;11;1275;135535;7352
Nordjylland;2020-12-19;F;113;2;7;1277;135648;7359
Sjælland;2020-12-19;F;181;3;5;1280;135829;7364
Syddanmark;2020-12-19;F;202;1;7;1281;136031;7371
Hovedstaden;2020-12-19;M;603;10;31;1291;136634;7402
Midtjylland;2020-12-19;M;262;3;9;1294;136896;7411
Nordjylland;2020-12-19;M;98;0;4;1294;136994;7415
Sjælland;2020-12-19;M;207;4;14;1298;137201;7429
Syddanmark;2020-12-19;M;164;3;9;1301;137365;7438
Hovedstaden;2020-12-20;F;605;3;27;1304;137970;7465
Midtjylland;2020-12-20;F;205;0;5;1304;138175;7470
Nordjylland;2020-12-20;F;89;0;1;1304;138264;7471
Sjælland;2020-12-20;F;216;6;13;1310;138480;7484
Syddanmark;2020-12-20;F;156;1;6;1311;138636;7490
Hovedstaden;2020-12-20;M;562;8;49;1319;139198;7539
Midtjylland;2020-12-20;M;182;3;9;1322;139380;7548
Nordjylland;2020-12-20;M;80;1;2;1323;139460;7550
Sjælland;2020-12-20;M;182;1;8;1324;139642;7558
Syddanmark;2020-12-20;M;166;5;7;1329;139808;7565
Hovedstaden;2020-12-21;F;813;9;42;1338;140621;7607
Midtjylland;2020-12-21;F;311;1;10;1339;140932;7617
Nordjylland;2020-12-21;F;103;1;3;1340;141035;7620
Sjælland;2020-12-21;F;283;3;15;1343;141318;7635
Syddanmark;2020-12-21;F;235;0;10;1343;141553;7645
Hovedstaden;2020-12-21;M;629;12;42;1355;142182;7687
Midtjylland;2020-12-21;M;201;5;15;1360;142383;7702
Nordjylland;2020-12-21;M;94;1;7;1361;142477;7709
Sjælland;2020-12-21;M;206;0;12;1361;142683;7721
Syddanmark;2020-12-21;M;211;1;10;1362;142894;7731
Hovedstaden;2020-12-22;F;709;7;38;1369;143603;7769
Midtjylland;2020-12-22;F;256;3;13;1372;143859;7782
Nordjylland;2020-12-22;F;128;1;4;1373;143987;7786
Sjælland;2020-12-22;F;256;2;14;1375;144243;7800
Syddanmark;2020-12-22;F;187;3;8;1378;144430;7808
Hovedstaden;2020-12-22;M;631;10;49;1388;145061;7857
Midtjylland;2020-12-22;M;210;6;10;1394;145271;7867
Nordjylland;2020-12-22;M;114;5;8;1399;145385;7875
Sjælland;2020-12-22;M;202;4;14;1403;145587;7889
Syddanmark;2020-12-22;M;160;1;8;1404;145747;7897
Hovedstaden;2020-12-23;F;765;7;32;1411;146512;7929
Midtjylland;2020-12-23;F;268;1;13;1412;146780;7942
Nordjylland;2020-12-23;F;121;1;7;1413;146901;7949
Sjælland;2020-12-23;F;228;3;20;1416;147129;7969
Syddanmark;2020-12-23;F;196;1;7;1417;147325;7976
Hovedstaden;2020-12-23;M;655;8;36;1425;147980;8012
Midtjylland;2020-12-23;M;245;2;12;1427;148225;8024
Nordjylland;2020-12-23;M;134;3;4;1430;148359;8028
Sjælland;2020-12-23;M;214;3;17;1433;148573;8045
Syddanmark;2020-12-23;M;236;0;8;1433;148809;8053
Hovedstaden;2020-12-24;F;370;7;22;1440;149179;8075
Midtjylland;2020-12-24;F;130;1;11;1441;149309;8086
Nordjylland;2020-12-24;F;65;0;4;1441;149374;8090
Sjælland;2020-12-24;F;79;3;4;1444;149453;8094
Syddanmark;2020-12-24;F;111;0;2;1444;149564;8096
Hovedstaden;2020-12-24;M;358;5;32;1449;149922;8128
Midtjylland;2020-12-24;M;115;1;8;1450;150037;8136
Nordjylland;2020-12-24;M;69;0;4;1450;150106;8140
Sjælland;2020-12-24;M;77;3;6;1453;150183;8146
Syddanmark;2020-12-24;M;96;0;2;1453;150279;8148
Hovedstaden;2020-12-25;F;429;9;40;1462;150708;8188
Midtjylland;2020-12-25;F;112;1;4;1463;150820;8192
Nordjylland;2020-12-25;F;65;1;3;1464;150885;8195
Sjælland;2020-12-25;F;122;2;12;1466;151007;8207
Syddanmark;2020-12-25;F;129;0;6;1466;151136;8213
Hovedstaden;2020-12-25;M;376;12;37;1478;151512;8250
Midtjylland;2020-12-25;M;102;3;11;1481;151614;8261
Nordjylland;2020-12-25;M;65;3;3;1484;151679;8264
Sjælland;2020-12-25;M;83;2;10;1486;151762;8274
Syddanmark;2020-12-25;M;103;1;7;1487;151865;8281
Hovedstaden;2020-12-26;F;674;11;35;1498;152539;8316
Midtjylland;2020-12-26;F;228;1;8;1499;152767;8324
Nordjylland;2020-12-26;F;91;0;4;1499;152858;8328
Sjælland;2020-12-26;F;228;1;7;1500;153086;8335
Syddanmark;2020-12-26;F;170;1;6;1501;153256;8341
Hovedstaden;2020-12-26;M;604;11;54;1512;153860;8395
Midtjylland;2020-12-26;M;232;3;12;1515;154092;8407
Nordjylland;2020-12-26;M;87;0;6;1515;154179;8413
Sjælland;2020-12-26;M;217;3;21;1518;154396;8434
Syddanmark;2020-12-26;M;152;2;10;1520;154548;8444
Hovedstaden;2020-12-27;F;545;11;39;1531;155093;8483
Midtjylland;2020-12-27;F;232;3;9;1534;155325;8492
Nordjylland;2020-12-27;F;100;2;6;1536;155425;8498
Sjælland;2020-12-27;F;161;0;2;1536;155586;8500
Syddanmark;2020-12-27;F;154;4;10;1540;155740;8510
Hovedstaden;2020-12-27;M;467;7;31;1547;156207;8541
Midtjylland;2020-12-27;M;184;5;9;1552;156391;8550
Nordjylland;2020-12-27;M;71;1;3;1553;156462;8553
Sjælland;2020-12-27;M;165;6;18;1559;156627;8571
Syddanmark;2020-12-27;M;105;0;9;1559;156732;8580
Hovedstaden;2020-12-28;F;754;15;52;1574;157486;8632
Midtjylland;2020-12-28;F;304;3;16;1577;157790;8648
Nordjylland;2020-12-28;F;138;1;6;1578;157928;8654
Sjælland;2020-12-28;F;295;4;15;1582;158223;8669
Syddanmark;2020-12-28;F;215;4;14;1586;158438;8683
Hovedstaden;2020-12-28;M;536;11;39;1597;158974;8722
Midtjylland;2020-12-28;M;261;5;25;1602;159235;8747
Nordjylland;2020-12-28;M;123;1;1;1603;159358;8748
Sjælland;2020-12-28;M;249;1;22;1604;159607;8770
Syddanmark;2020-12-28;M;183;4;16;1608;159790;8786
Hovedstaden;2020-12-29;F;562;11;48;1619;160352;8834
Midtjylland;2020-12-29;F;281;4;12;1623;160633;8846
Nordjylland;2020-12-29;F;98;3;6;1626;160731;8852
Sjælland;2020-12-29;F;260;1;12;1627;160991;8864
Syddanmark;2020-12-29;F;175;1;4;1628;161166;8868
Hovedstaden;2020-12-29;M;422;11;37;1639;161588;8905
Midtjylland;2020-12-29;M;239;1;16;1640;161827;8921
Nordjylland;2020-12-29;M;88;0;3;1640;161915;8924
Sjælland;2020-12-29;M;182;0;9;1640;162097;8933
Syddanmark;2020-12-29;M;166;2;8;1642;162263;8941
Hovedstaden;2020-12-30;F;616;10;36;1652;162879;8977
Midtjylland;2020-12-30;F;250;2;11;1654;163129;8988
Nordjylland;2020-12-30;F;120;0;5;1654;163249;8993
Sjælland;2020-12-30;F;264;5;12;1659;163513;9005
Syddanmark;2020-12-30;F;198;3;5;1662;163711;9010
Hovedstaden;2020-12-30;M;566;9;42;1671;164277;9052
Midtjylland;2020-12-30;M;230;4;19;1675;164507;9071
Nordjylland;2020-12-30;M;93;1;7;1676;164600;9078
Sjælland;2020-12-30;M;254;7;19;1683;164854;9097
Syddanmark;2020-12-30;M;176;1;4;1684;165030;9101
Hovedstaden;2020-12-31;F;284;6;22;1690;165314;9123
Midtjylland;2020-12-31;F;123;2;2;1692;165437;9125
Nordjylland;2020-12-31;F;64;1;5;1693;165501;9130
Sjælland;2020-12-31;F;85;0;4;1693;165586;9134
Syddanmark;2020-12-31;F;89;1;6;1694;165675;9140
Hovedstaden;2020-12-31;M;277;8;30;1702;165952;9170
Midtjylland;2020-12-31;M;119;0;9;1702;166071;9179
Nordjylland;2020-12-31;M;43;0;3;1702;166114;9182
Sjælland;2020-12-31;M;68;0;9;1702;166182;9191
Syddanmark;2020-12-31;M;76;1;5;1703;166258;9196
Hovedstaden;2021-01-01;F;288;6;22;1709;166546;9218
Midtjylland;2021-01-01;F;130;1;5;1710;166676;9223
Nordjylland;2021-01-01;F;51;0;2;1710;166727;9225
Sjælland;2021-01-01;F;69;1;9;1711;166796;9234
Syddanmark;2021-01-01;F;90;0;4;1711;166886;9238
Hovedstaden;2021-01-01;M;284;6;25;1717;167170;9263
Midtjylland;2021-01-01;M;101;1;6;1718;167271;9269
Nordjylland;2021-01-01;M;42;2;6;1720;167313;9275
Sjælland;2021-01-01;M;70;1;11;1721;167383;9286
Syddanmark;2021-01-01;M;77;2;6;1723;167460;9292
Hovedstaden;2021-01-02;F;435;3;32;1726;167895;9324
Midtjylland;2021-01-02;F;215;2;3;1728;168110;9327
Nordjylland;2021-01-02;F;95;0;2;1728;168205;9329
Sjælland;2021-01-02;F;162;0;12;1728;168367;9341
Syddanmark;2021-01-02;F;136;1;5;1729;168503;9346
Hovedstaden;2021-01-02;M;400;7;26;1736;168903;9372
Midtjylland;2021-01-02;M;221;2;15;1738;169124;9387
Nordjylland;2021-01-02;M;90;2;9;1740;169214;9396
Sjælland;2021-01-02;M;160;8;16;1748;169374;9412
Syddanmark;2021-01-02;M;124;2;9;1750;169498;9421
Hovedstaden;2021-01-03;F;392;2;21;1752;169890;9442
Midtjylland;2021-01-03;F;183;2;10;1754;170073;9452
Nordjylland;2021-01-03;F;110;7;8;1761;170183;9460
Sjælland;2021-01-03;F;114;2;8;1763;170297;9468
Syddanmark;2021-01-03;F;115;1;5;1764;170412;9473
Hovedstaden;2021-01-03;M;322;3;24;1767;170734;9497
Midtjylland;2021-01-03;M;145;0;6;1767;170879;9503
Nordjylland;2021-01-03;M;68;3;6;1770;170947;9509
Sjælland;2021-01-03;M;107;2;11;1772;171054;9520
Syddanmark;2021-01-03;M;111;0;9;1772;171165;9529
Hovedstaden;2021-01-04;F;581;16;31;1788;171746;9560
Midtjylland;2021-01-04;F;245;5;7;1793;171991;9567
Nordjylland;2021-01-04;F;108;2;6;1795;172099;9573
Sjælland;2021-01-04;F;219;1;8;1796;172318;9581
Syddanmark;2021-01-04;F;175;0;7;1796;172493;9588
Hovedstaden;2021-01-04;M;480;12;35;1808;172973;9623
Midtjylland;2021-01-04;M;213;3;11;1811;173186;9634
Nordjylland;2021-01-04;M;102;2;6;1813;173288;9640
Sjælland;2021-01-04;M;179;2;12;1815;173467;9652
Syddanmark;2021-01-04;M;173;1;6;1816;173640;9658
Hovedstaden;2021-01-05;F;447;0;24;1816;174087;9682
Midtjylland;2021-01-05;F;182;4;11;1820;174269;9693
Nordjylland;2021-01-05;F;85;2;4;1822;174354;9697
Sjælland;2021-01-05;F;205;3;10;1825;174559;9707
Syddanmark;2021-01-05;F;157;3;10;1828;174716;9717
Hovedstaden;2021-01-05;M;378;7;22;1835;175094;9739
Midtjylland;2021-01-05;M;133;0;11;1835;175227;9750
Nordjylland;2021-01-05;M;69;0;3;1835;175296;9753
Sjælland;2021-01-05;M;145;3;9;1838;175441;9762
Syddanmark;2021-01-05;M;122;1;11;1839;175563;9773
Hovedstaden;2021-01-06;F;402;9;31;1848;175965;9804
Midtjylland;2021-01-06;F;154;5;12;1853;176119;9816
Nordjylland;2021-01-06;F;89;0;3;1853;176208;9819
Sjælland;2021-01-06;F;142;3;17;1856;176350;9836
Syddanmark;2021-01-06;F;112;0;6;1856;176462;9842
Hovedstaden;2021-01-06;M;311;10;28;1866;176773;9870
Midtjylland;2021-01-06;M;124;3;10;1869;176897;9880
Nordjylland;2021-01-06;M;87;2;2;1871;176984;9882
Sjælland;2021-01-06;M;129;3;10;1874;177113;9892
Syddanmark;2021-01-06;M;100;0;2;1874;177213;9894
Hovedstaden;2021-01-07;F;318;6;18;1880;177531;9912
Midtjylland;2021-01-07;F;189;5;11;1885;177720;9923
Nordjylland;2021-01-07;F;70;1;4;1886;177790;9927
Sjælland;2021-01-07;F;152;3;15;1889;177942;9942
Syddanmark;2021-01-07;F;136;2;8;1891;178078;9950
Hovedstaden;2021-01-07;M;265;3;20;1894;178343;9970
Midtjylland;2021-01-07;M;147;8;16;1902;178490;9986
Nordjylland;2021-01-07;M;74;1;2;1903;178564;9988
Sjælland;2021-01-07;M;96;4;15;1907;178660;10003
Syddanmark;2021-01-07;M;136;3;9;1910;178796;10012
Hovedstaden;2021-01-08;F;338;5;26;1915;179134;10038
Midtjylland;2021-01-08;F;144;1;11;1916;179278;10049
Nordjylland;2021-01-08;F;57;1;2;1917;179335;10051
Sjælland;2021-01-08;F;107;1;5;1918;179442;10056
Syddanmark;2021-01-08;F;118;1;8;1919;179560;10064
Hovedstaden;2021-01-08;M;269;7;22;1926;179829;10086
Midtjylland;2021-01-08;M;109;3;10;1929;179938;10096
Nordjylland;2021-01-08;M;59;2;9;1931;179997;10105
Sjælland;2021-01-08;M;115;2;10;1933;180112;10115
Syddanmark;2021-01-08;M;110;1;6;1934;180222;10121
Hovedstaden;2021-01-09;F;255;3;20;1937;180477;10141
Midtjylland;2021-01-09;F;114;2;3;1939;180591;10144
Nordjylland;2021-01-09;F;51;0;2;1939;180642;10146
Sjælland;2021-01-09;F;113;3;12;1942;180755;10158
Syddanmark;2021-01-09;F;88;3;4;1945;180843;10162
Hovedstaden;2021-01-09;M;225;9;29;1954;181068;10191
Midtjylland;2021-01-09;M;109;3;6;1957;181177;10197
Nordjylland;2021-01-09;M;50;0;3;1957;181227;10200
Sjælland;2021-01-09;M;99;3;14;1960;181326;10214
Syddanmark;2021-01-09;M;86;3;6;1963;181412;10220
Hovedstaden;2021-01-10;F;210;2;17;1965;181622;10237
Midtjylland;2021-01-10;F;100;2;6;1967;181722;10243
Nordjylland;2021-01-10;F;45;0;3;1967;181767;10246
Sjælland;2021-01-10;F;86;3;13;1970;181853;10259
Syddanmark;2021-01-10;F;75;1;7;1971;181928;10266
Hovedstaden;2021-01-10;M;198;7;23;1978;182126;10289
Midtjylland;2021-01-10;M;85;1;7;1979;182211;10296
Nordjylland;2021-01-10;M;36;2;4;1981;182247;10300
Sjælland;2021-01-10;M;81;1;6;1982;182328;10306
Syddanmark;2021-01-10;M;74;1;4;1983;182402;10310
Hovedstaden;2021-01-11;F;365;7;31;1990;182767;10341
Midtjylland;2021-01-11;F;104;1;9;1991;182871;10350
Nordjylland;2021-01-11;F;57;1;1;1992;182928;10351
Sjælland;2021-01-11;F;126;4;11;1996;183054;10362
Syddanmark;2021-01-11;F;114;2;9;1998;183168;10371
Hovedstaden;2021-01-11;M;248;9;19;2007;183416;10390
Midtjylland;2021-01-11;M;91;3;7;2010;183507;10397
Nordjylland;2021-01-11;M;50;0;1;2010;183557;10398
Sjælland;2021-01-11;M;97;1;12;2011;183654;10410
Syddanmark;2021-01-11;M;92;2;10;2013;183746;10420
Hovedstaden;2021-01-12;F;317;10;28;2023;184063;10448
Midtjylland;2021-01-12;F;97;3;9;2026;184160;10457
Nordjylland;2021-01-12;F;53;1;2;2027;184213;10459
Sjælland;2021-01-12;F;124;1;7;2028;184337;10466
Syddanmark;2021-01-12;F;73;0;3;2028;184410;10469
Hovedstaden;2021-01-12;M;269;4;20;2032;184679;10489
Midtjylland;2021-01-12;M;81;2;5;2034;184760;10494
Nordjylland;2021-01-12;M;52;1;3;2035;184812;10497
Sjælland;2021-01-12;M;110;5;10;2040;184922;10507
Syddanmark;2021-01-12;M;76;2;6;2042;184998;10513
Hovedstaden;2021-01-13;F;269;7;25;2049;185267;10538
Midtjylland;2021-01-13;F;102;2;0;2051;185369;10538
Nordjylland;2021-01-13;F;65;2;4;2053;185434;10542
Sjælland;2021-01-13;F;76;2;12;2055;185510;10554
Syddanmark;2021-01-13;F;83;1;1;2056;185593;10555
Hovedstaden;2021-01-13;M;244;3;27;2059;185837;10582
Midtjylland;2021-01-13;M;69;0;4;2059;185906;10586
Nordjylland;2021-01-13;M;53;2;4;2061;185959;10590
Sjælland;2021-01-13;M;81;3;13;2064;186040;10603
Syddanmark;2021-01-13;M;68;0;2;2064;186108;10605
Hovedstaden;2021-01-14;F;222;4;16;2068;186330;10621
Midtjylland;2021-01-14;F;105;1;4;2069;186435;10625
Nordjylland;2021-01-14;F;49;0;1;2069;186484;10626
Sjælland;2021-01-14;F;97;1;7;2070;186581;10633
Syddanmark;2021-01-14;F;86;1;4;2071;186667;10637
Hovedstaden;2021-01-14;M;200;9;25;2080;186867;10662
Midtjylland;2021-01-14;M;82;1;7;2081;186949;10669
Nordjylland;2021-01-14;M;47;0;1;2081;186996;10670
Sjælland;2021-01-14;M;49;1;4;2082;187045;10674
Syddanmark;2021-01-14;M;64;0;2;2082;187109;10676
Hovedstaden;2021-01-15;F;200;2;13;2084;187309;10689
Midtjylland;2021-01-15;F;64;2;6;2086;187373;10695
Nordjylland;2021-01-15;F;33;0;1;2086;187406;10696
Sjælland;2021-01-15;F;67;2;5;2088;187473;10701
Syddanmark;2021-01-15;F;70;0;6;2088;187543;10707
Hovedstaden;2021-01-15;M;190;3;15;2091;187733;10722
Midtjylland;2021-01-15;M;54;2;8;2093;187787;10730
Nordjylland;2021-01-15;M;47;2;7;2095;187834;10737
Sjælland;2021-01-15;M;65;3;10;2098;187899;10747
Syddanmark;2021-01-15;M;58;2;7;2100;187957;10754
Hovedstaden;2021-01-16;F;176;5;11;2105;188133;10765
Midtjylland;2021-01-16;F;35;1;3;2106;188168;10768
Nordjylland;2021-01-16;F;37;0;1;2106;188205;10769
Sjælland;2021-01-16;F;50;1;2;2107;188255;10771
Syddanmark;2021-01-16;F;73;2;10;2109;188328;10781
Hovedstaden;2021-01-16;M;163;3;20;2112;188491;10801
Midtjylland;2021-01-16;M;37;0;3;2112;188528;10804
Nordjylland;2021-01-16;M;37;2;5;2114;188565;10809
Sjælland;2021-01-16;M;55;0;4;2114;188620;10813
Syddanmark;2021-01-16;M;54;0;6;2114;188674;10819
Hovedstaden;2021-01-17;F;170;2;16;2116;188844;10835
Midtjylland;2021-01-17;F;43;0;2;2116;188887;10837
Nordjylland;2021-01-17;F;29;2;2;2118;188916;10839
Sjælland;2021-01-17;F;63;0;9;2118;188979;10848
Syddanmark;2021-01-17;F;49;1;2;2119;189028;10850
Hovedstaden;2021-01-17;M;149;3;17;2122;189177;10867
Midtjylland;2021-01-17;M;35;0;1;2122;189212;10868
Nordjylland;2021-01-17;M;33;2;3;2124;189245;10871
Sjælland;2021-01-17;M;52;1;7;2125;189297;10878
Syddanmark;2021-01-17;M;48;0;4;2125;189345;10882
Hovedstaden;2021-01-18;F;235;6;23;2131;189580;10905
Midtjylland;2021-01-18;F;65;1;3;2132;189645;10908
Nordjylland;2021-01-18;F;42;0;4;2132;189687;10912
Sjælland;2021-01-18;F;78;2;6;2134;189765;10918
Syddanmark;2021-01-18;F;77;2;6;2136;189842;10924
Hovedstaden;2021-01-18;M;204;8;36;2144;190046;10960
Midtjylland;2021-01-18;M;54;1;5;2145;190100;10965
Nordjylland;2021-01-18;M;30;3;4;2148;190130;10969
Sjælland;2021-01-18;M;62;1;11;2149;190192;10980
Syddanmark;2021-01-18;M;75;0;3;2149;190267;10983
Hovedstaden;2021-01-19;F;188;2;18;2151;190455;11001
Midtjylland;2021-01-19;F;65;1;3;2152;190520;11004
Nordjylland;2021-01-19;F;43;1;6;2153;190563;11010
Sjælland;2021-01-19;F;84;1;6;2154;190647;11016
Syddanmark;2021-01-19;F;80;3;3;2157;190727;11019
Hovedstaden;2021-01-19;M;174;7;25;2164;190901;11044
Midtjylland;2021-01-19;M;47;2;7;2166;190948;11051
Nordjylland;2021-01-19;M;50;3;7;2169;190998;11058
Sjælland;2021-01-19;M;80;1;10;2170;191078;11068
Syddanmark;2021-01-19;M;101;3;7;2173;191179;11075
Hovedstaden;2021-01-20;F;163;3;10;2176;191342;11085
Midtjylland;2021-01-20;F;60;1;2;2177;191402;11087
Nordjylland;2021-01-20;F;41;2;5;2179;191443;11092
Sjælland;2021-01-20;F;71;1;7;2180;191514;11099
Syddanmark;2021-01-20;F;57;1;5;2181;191571;11104
Hovedstaden;2021-01-20;M;153;3;10;2184;191724;11114
Midtjylland;2021-01-20;M;50;0;8;2184;191774;11122
Nordjylland;2021-01-20;M;39;0;5;2184;191813;11127
Sjælland;2021-01-20;M;78;0;4;2184;191891;11131
Syddanmark;2021-01-20;M;61;0;5;2184;191952;11136
Hovedstaden;2021-01-21;F;190;5;19;2189;192142;11155
Midtjylland;2021-01-21;F;63;1;4;2190;192205;11159
Nordjylland;2021-01-21;F;46;0;3;2190;192251;11162
Sjælland;2021-01-21;F;75;0;5;2190;192326;11167
Syddanmark;2021-01-21;F;57;2;5;2192;192383;11172
Hovedstaden;2021-01-21;M;186;5;24;2197;192569;11196
Midtjylland;2021-01-21;M;57;0;5;2197;192626;11201
Nordjylland;2021-01-21;M;28;0;2;2197;192654;11203
Sjælland;2021-01-21;M;71;0;11;2197;192725;11214
Syddanmark;2021-01-21;M;77;2;5;2199;192802;11219
Hovedstaden;2021-01-22;F;148;5;8;2204;192950;11227
Midtjylland;2021-01-22;F;51;1;4;2205;193001;11231
Nordjylland;2021-01-22;F;40;1;3;2206;193041;11234
Sjælland;2021-01-22;F;74;2;9;2208;193115;11243
Syddanmark;2021-01-22;F;52;1;3;2209;193167;11246
Hovedstaden;2021-01-22;M;137;3;11;2212;193304;11257
Midtjylland;2021-01-22;M;44;1;2;2213;193348;11259
Nordjylland;2021-01-22;M;43;3;5;2216;193391;11264
Sjælland;2021-01-22;M;56;1;6;2217;193447;11270
Syddanmark;2021-01-22;M;64;0;2;2217;193511;11272
Hovedstaden;2021-01-23;F;137;2;12;2219;193648;11284
Midtjylland;2021-01-23;F;42;1;2;2220;193690;11286
Nordjylland;2021-01-23;F;20;0;1;2220;193710;11287
Sjælland;2021-01-23;F;54;2;5;2222;193764;11292
Syddanmark;2021-01-23;F;44;0;3;2222;193808;11295
Hovedstaden;2021-01-23;M;120;2;13;2224;193928;11308
Midtjylland;2021-01-23;M;42;0;5;2224;193970;11313
Nordjylland;2021-01-23;M;24;1;3;2225;193994;11316
Sjælland;2021-01-23;M;46;1;4;2226;194040;11320
Syddanmark;2021-01-23;M;59;1;3;2227;194099;11323
Hovedstaden;2021-01-24;F;124;0;12;2227;194223;11335
Midtjylland;2021-01-24;F;32;1;0;2228;194255;11335
Nordjylland;2021-01-24;F;28;1;4;2229;194283;11339
Sjælland;2021-01-24;F;42;3;4;2232;194325;11343
Syddanmark;2021-01-24;F;48;0;1;2232;194373;11344
Hovedstaden;2021-01-24;M;121;2;11;2234;194494;11355
Midtjylland;2021-01-24;M;23;1;2;2235;194517;11357
Nordjylland;2021-01-24;M;29;0;1;2235;194546;11358
Sjælland;2021-01-24;M;42;0;4;2235;194588;11362
Syddanmark;2021-01-24;M;23;0;1;2235;194611;11363
Hovedstaden;2021-01-25;F;160;5;11;2240;194771;11374
Midtjylland;2021-01-25;F;42;0;5;2240;194813;11379
Nordjylland;2021-01-25;F;28;0;2;2240;194841;11381
Sjælland;2021-01-25;F;67;1;8;2241;194908;11389
Syddanmark;2021-01-25;F;50;0;4;2241;194958;11393
Hovedstaden;2021-01-25;M;171;3;16;2244;195129;11409
Midtjylland;2021-01-25;M;41;0;2;2244;195170;11411
Nordjylland;2021-01-25;M;23;0;2;2244;195193;11413
Sjælland;2021-01-25;M;63;0;6;2244;195256;11419
Syddanmark;2021-01-25;M;72;0;6;2244;195328;11425
Hovedstaden;2021-01-26;F;140;1;8;2245;195468;11433
Midtjylland;2021-01-26;F;47;0;3;2245;195515;11436
Nordjylland;2021-01-26;F;34;0;0;2245;195549;11436
Sjælland;2021-01-26;F;69;0;5;2245;195618;11441
Syddanmark;2021-01-26;F;59;0;1;2245;195677;11442
Hovedstaden;2021-01-26;M;134;2;12;2247;195811;11454
Midtjylland;2021-01-26;M;47;3;4;2250;195858;11458
Nordjylland;2021-01-26;M;33;0;4;2250;195891;11462
Sjælland;2021-01-26;M;67;1;6;2251;195958;11468
Syddanmark;2021-01-26;M;47;0;0;2251;196005;11468
Hovedstaden;2021-01-27;F;139;1;12;2252;196144;11480
Midtjylland;2021-01-27;F;35;0;1;2252;196179;11481
Nordjylland;2021-01-27;F;13;0;1;2252;196192;11482
Sjælland;2021-01-27;F;50;1;3;2253;196242;11485
Syddanmark;2021-01-27;F;39;1;3;2254;196281;11488
Hovedstaden;2021-01-27;M;111;4;11;2258;196392;11499
Midtjylland;2021-01-27;M;28;1;3;2259;196420;11502
Nordjylland;2021-01-27;M;23;0;2;2259;196443;11504
Sjælland;2021-01-27;M;52;3;8;2262;196495;11512
Syddanmark;2021-01-27;M;40;0;3;2262;196535;11515
Hovedstaden;2021-01-28;F;131;2;11;2264;196666;11526
Midtjylland;2021-01-28;F;43;1;4;2265;196709;11530
Nordjylland;2021-01-28;F;22;0;0;2265;196731;11530
Sjælland;2021-01-28;F;50;0;5;2265;196781;11535
Syddanmark;2021-01-28;F;30;0;2;2265;196811;11537
Hovedstaden;2021-01-28;M;105;4;9;2269;196916;11546
Midtjylland;2021-01-28;M;28;0;1;2269;196944;11547
Nordjylland;2021-01-28;M;18;2;3;2271;196962;11550
Sjælland;2021-01-28;M;33;0;4;2271;196995;11554
Syddanmark;2021-01-28;M;39;1;1;2272;197034;11555
Hovedstaden;2021-01-29;F;99;4;6;2276;197133;11561
Midtjylland;2021-01-29;F;19;0;2;2276;197152;11563
Nordjylland;2021-01-29;F;17;0;2;2276;197169;11565
Sjælland;2021-01-29;F;38;1;5;2277;197207;11570
Syddanmark;2021-01-29;F;34;0;0;2277;197241;11570
Hovedstaden;2021-01-29;M;84;3;8;2280;197325;11578
Midtjylland;2021-01-29;M;26;1;3;2281;197351;11581
Nordjylland;2021-01-29;M;14;0;3;2281;197365;11584
Sjælland;2021-01-29;M;24;0;3;2281;197389;11587
Syddanmark;2021-01-29;M;46;1;0;2282;197435;11587
Hovedstaden;2021-01-30;F;74;4;8;2286;197509;11595
Midtjylland;2021-01-30;F;12;0;1;2286;197521;11596
Nordjylland;2021-01-30;F;12;0;1;2286;197533;11597
Sjælland;2021-01-30;F;31;0;3;2286;197564;11600
Syddanmark;2021-01-30;F;36;0;2;2286;197600;11602
Hovedstaden;2021-01-30;M;91;0;7;2286;197691;11609
Midtjylland;2021-01-30;M;26;0;0;2286;197717;11609
Nordjylland;2021-01-30;M;17;1;1;2287;197734;11610
Sjælland;2021-01-30;M;25;0;2;2287;197759;11612
Syddanmark;2021-01-30;M;34;0;1;2287;197793;11613
Hovedstaden;2021-01-31;F;85;3;7;2290;197878;11620
Midtjylland;2021-01-31;F;25;1;2;2291;197903;11622
Nordjylland;2021-01-31;F;12;0;0;2291;197915;11622
Sjælland;2021-01-31;F;25;0;3;2291;197940;11625
Syddanmark;2021-01-31;F;30;1;2;2292;197970;11627
Hovedstaden;2021-01-31;M;91;0;10;2292;198061;11637
Midtjylland;2021-01-31;M;20;0;3;2292;198081;11640
Nordjylland;2021-01-31;M;20;0;1;2292;198101;11641
Sjælland;2021-01-31;M;36;0;4;2292;198137;11645
Syddanmark;2021-01-31;M;36;0;3;2292;198173;11648
Hovedstaden;2021-02-01;F;99;1;8;2293;198272;11656
Midtjylland;2021-02-01;F;36;0;3;2293;198308;11659
Nordjylland;2021-02-01;F;24;0;2;2293;198332;11661
Sjælland;2021-02-01;F;52;0;3;2293;198384;11664
Syddanmark;2021-02-01;F;52;1;5;2294;198436;11669
Hovedstaden;2021-02-01;M;107;5;13;2299;198543;11682
Midtjylland;2021-02-01;M;29;0;3;2299;198572;11685
Nordjylland;2021-02-01;M;22;1;4;2300;198594;11689
Sjælland;2021-02-01;M;35;1;4;2301;198629;11693
Syddanmark;2021-02-01;M;41;1;4;2302;198670;11697
Hovedstaden;2021-02-02;F;94;0;8;2302;198764;11705
Midtjylland;2021-02-02;F;34;0;1;2302;198798;11706
Nordjylland;2021-02-02;F;22;0;1;2302;198820;11707
Sjælland;2021-02-02;F;42;0;3;2302;198862;11710
Syddanmark;2021-02-02;F;51;3;8;2305;198913;11718
Hovedstaden;2021-02-02;M;112;4;11;2309;199025;11729
Midtjylland;2021-02-02;M;28;0;1;2309;199053;11730
Nordjylland;2021-02-02;M;23;1;2;2310;199076;11732
Sjælland;2021-02-02;M;34;0;2;2310;199110;11734
Syddanmark;2021-02-02;M;42;1;5;2311;199152;11739
Hovedstaden;2021-02-03;F;74;0;4;2311;199226;11743
Midtjylland;2021-02-03;F;21;0;1;2311;199247;11744
Nordjylland;2021-02-03;F;23;1;1;2312;199270;11745
Sjælland;2021-02-03;F;41;1;4;2313;199311;11749
Syddanmark;2021-02-03;F;53;1;2;2314;199364;11751
Hovedstaden;2021-02-03;M;82;0;5;2314;199446;11756
Midtjylland;2021-02-03;M;34;0;1;2314;199480;11757
Nordjylland;2021-02-03;M;19;0;3;2314;199499;11760
Sjælland;2021-02-03;M;31;1;3;2315;199530;11763
Syddanmark;2021-02-03;M;46;1;4;2316;199576;11767
Hovedstaden;2021-02-04;F;93;2;7;2318;199669;11774
Midtjylland;2021-02-04;F;36;0;0;2318;199705;11774
Nordjylland;2021-02-04;F;17;1;2;2319;199722;11776
Sjælland;2021-02-04;F;31;1;2;2320;199753;11778
Syddanmark;2021-02-04;F;34;0;2;2320;199787;11780
Hovedstaden;2021-02-04;M;103;0;11;2320;199890;11791
Midtjylland;2021-02-04;M;32;0;1;2320;199922;11792
Nordjylland;2021-02-04;M;13;0;1;2320;199935;11793
Sjælland;2021-02-04;M;44;0;6;2320;199979;11799
Syddanmark;2021-02-04;M;35;0;0;2320;200014;11799
Hovedstaden;2021-02-05;F;88;0;5;2320;200102;11804
Midtjylland;2021-02-05;F;35;0;1;2320;200137;11805
Nordjylland;2021-02-05;F;21;0;1;2320;200158;11806
Sjælland;2021-02-05;F;25;2;4;2322;200183;11810
Syddanmark;2021-02-05;F;32;1;0;2323;200215;11810
Hovedstaden;2021-02-05;M;80;2;10;2325;200295;11820
Midtjylland;2021-02-05;M;32;0;2;2325;200327;11822
Nordjylland;2021-02-05;M;12;0;1;2325;200339;11823
Sjælland;2021-02-05;M;36;1;6;2326;200375;11829
Syddanmark;2021-02-05;M;43;1;1;2327;200418;11830
Hovedstaden;2021-02-06;F;96;0;9;2327;200514;11839
Midtjylland;2021-02-06;F;30;0;3;2327;200544;11842
Nordjylland;2021-02-06;F;19;1;4;2328;200563;11846
Sjælland;2021-02-06;F;36;0;2;2328;200599;11848
Syddanmark;2021-02-06;F;44;0;2;2328;200643;11850
Hovedstaden;2021-02-06;M;71;0;1;2328;200714;11851
Midtjylland;2021-02-06;M;39;0;2;2328;200753;11853
Nordjylland;2021-02-06;M;11;0;1;2328;200764;11854
Sjælland;2021-02-06;M;31;1;3;2329;200795;11857
Syddanmark;2021-02-06;M;50;1;3;2330;200845;11860
Hovedstaden;2021-02-07;F;100;6;14;2336;200945;11874
Midtjylland;2021-02-07;F;32;0;1;2336;200977;11875
Nordjylland;2021-02-07;F;20;0;1;2336;200997;11876
Sjælland;2021-02-07;F;26;0;3;2336;201023;11879
Syddanmark;2021-02-07;F;35;1;2;2337;201058;11881
Hovedstaden;2021-02-07;M;70;2;8;2339;201128;11889
Midtjylland;2021-02-07;M;44;0;2;2339;201172;11891
Nordjylland;2021-02-07;M;13;0;2;2339;201185;11893
Sjælland;2021-02-07;M;20;0;0;2339;201205;11893
Syddanmark;2021-02-07;M;27;1;0;2340;201232;11893
Hovedstaden;2021-02-08;F;89;1;11;2341;201321;11904
Midtjylland;2021-02-08;F;28;0;1;2341;201349;11905
Nordjylland;2021-02-08;F;25;0;1;2341;201374;11906
Sjælland;2021-02-08;F;55;0;8;2341;201429;11914
Syddanmark;2021-02-08;F;40;0;6;2341;201469;11920
Hovedstaden;2021-02-08;M;71;1;4;2342;201540;11924
Midtjylland;2021-02-08;M;39;0;2;2342;201579;11926
Nordjylland;2021-02-08;M;13;1;3;2343;201592;11929
Sjælland;2021-02-08;M;48;1;6;2344;201640;11935
Syddanmark;2021-02-08;M;29;0;2;2344;201669;11937
Hovedstaden;2021-02-09;F;90;2;11;2346;201759;11948
Midtjylland;2021-02-09;F;25;0;0;2346;201784;11948
Nordjylland;2021-02-09;F;22;0;2;2346;201806;11950
Sjælland;2021-02-09;F;37;0;3;2346;201843;11953
Syddanmark;2021-02-09;F;45;1;3;2347;201888;11956
Hovedstaden;2021-02-09;M;88;0;5;2347;201976;11961
Midtjylland;2021-02-09;M;47;0;1;2347;202023;11962
Nordjylland;2021-02-09;M;14;0;2;2347;202037;11964
Sjælland;2021-02-09;M;36;0;5;2347;202073;11969
Syddanmark;2021-02-09;M;53;1;3;2348;202126;11972
Hovedstaden;2021-02-10;F;81;0;7;2348;202207;11979
Midtjylland;2021-02-10;F;43;2;3;2350;202250;11982
Nordjylland;2021-02-10;F;21;0;3;2350;202271;11985
Sjælland;2021-02-10;F;36;0;4;2350;202307;11989
Syddanmark;2021-02-10;F;35;0;1;2350;202342;11990
Hovedstaden;2021-02-10;M;95;1;6;2351;202437;11996
Midtjylland;2021-02-10;M;45;0;3;2351;202482;11999
Nordjylland;2021-02-10;M;23;0;3;2351;202505;12002
Sjælland;2021-02-10;M;26;0;2;2351;202531;12004
Syddanmark;2021-02-10;M;40;1;1;2352;202571;12005
Hovedstaden;2021-02-11;F;82;2;1;2354;202653;12006
Midtjylland;2021-02-11;F;32;0;0;2354;202685;12006
Nordjylland;2021-02-11;F;11;0;0;2354;202696;12006
Sjælland;2021-02-11;F;43;0;2;2354;202739;12008
Syddanmark;2021-02-11;F;36;0;2;2354;202775;12010
Hovedstaden;2021-02-11;M;66;1;4;2355;202841;12014
Midtjylland;2021-02-11;M;27;0;3;2355;202868;12017
Nordjylland;2021-02-11;M;9;1;1;2356;202877;12018
Sjælland;2021-02-11;M;39;1;5;2357;202916;12023
Syddanmark;2021-02-11;M;23;0;0;2357;202939;12023
Hovedstaden;2021-02-12;F;68;1;5;2358;203007;12028
Midtjylland;2021-02-12;F;19;0;1;2358;203026;12029
Nordjylland;2021-02-12;F;17;0;0;2358;203043;12029
Sjælland;2021-02-12;F;25;0;2;2358;203068;12031
Syddanmark;2021-02-12;F;20;0;0;2358;203088;12031
Hovedstaden;2021-02-12;M;77;0;8;2358;203165;12039
Midtjylland;2021-02-12;M;19;0;2;2358;203184;12041
Nordjylland;2021-02-12;M;16;0;1;2358;203200;12042
Sjælland;2021-02-12;M;27;0;2;2358;203227;12044
Syddanmark;2021-02-12;M;26;0;2;2358;203253;12046
Hovedstaden;2021-02-13;F;62;0;3;2358;203315;12049
Midtjylland;2021-02-13;F;25;0;3;2358;203340;12052
Nordjylland;2021-02-13;F;16;0;3;2358;203356;12055
Sjælland;2021-02-13;F;19;0;1;2358;203375;12056
Syddanmark;2021-02-13;F;42;0;3;2358;203417;12059
Hovedstaden;2021-02-13;M;63;1;5;2359;203480;12064
Midtjylland;2021-02-13;M;31;1;0;2360;203511;12064
Nordjylland;2021-02-13;M;15;0;0;2360;203526;12064
Sjælland;2021-02-13;M;12;0;0;2360;203538;12064
Syddanmark;2021-02-13;M;46;0;3;2360;203584;12067
Hovedstaden;2021-02-14;F;58;0;3;2360;203642;12070
Midtjylland;2021-02-14;F;18;0;2;2360;203660;12072
Nordjylland;2021-02-14;F;15;0;2;2360;203675;12074
Sjælland;2021-02-14;F;25;0;2;2360;203700;12076
Syddanmark;2021-02-14;F;48;0;1;2360;203748;12077
Hovedstaden;2021-02-14;M;65;1;3;2361;203813;12080
Midtjylland;2021-02-14;M;26;0;1;2361;203839;12081
Nordjylland;2021-02-14;M;19;0;0;2361;203858;12081
Sjælland;2021-02-14;M;21;1;2;2362;203879;12083
Syddanmark;2021-02-14;M;43;0;3;2362;203922;12086
Hovedstaden;2021-02-15;F;82;0;2;2362;204004;12088
Midtjylland;2021-02-15;F;34;0;1;2362;204038;12089
Nordjylland;2021-02-15;F;22;0;2;2362;204060;12091
Sjælland;2021-02-15;F;26;0;0;2362;204086;12091
Syddanmark;2021-02-15;F;49;0;2;2362;204135;12093
Hovedstaden;2021-02-15;M;78;1;7;2363;204213;12100
Midtjylland;2021-02-15;M;29;2;2;2365;204242;12102
Nordjylland;2021-02-15;M;11;0;1;2365;204253;12103
Sjælland;2021-02-15;M;22;0;2;2365;204275;12105
Syddanmark;2021-02-15;M;44;0;6;2365;204319;12111
Hovedstaden;2021-02-16;F;86;0;5;2365;204405;12116
Midtjylland;2021-02-16;F;35;0;0;2365;204440;12116
Nordjylland;2021-02-16;F;11;0;0;2365;204451;12116
Sjælland;2021-02-16;F;31;0;3;2365;204482;12119
Syddanmark;2021-02-16;F;89;0;4;2365;204571;12123
Hovedstaden;2021-02-16;M;78;0;5;2365;204649;12128
Midtjylland;2021-02-16;M;50;1;3;2366;204699;12131
Nordjylland;2021-02-16;M;10;0;0;2366;204709;12131
Sjælland;2021-02-16;M;31;0;3;2366;204740;12134
Syddanmark;2021-02-16;M;97;0;4;2366;204837;12138
Hovedstaden;2021-02-17;F;92;0;4;2366;204929;12142
Midtjylland;2021-02-17;F;35;0;2;2366;204964;12144
Nordjylland;2021-02-17;F;11;0;2;2366;204975;12146
Sjælland;2021-02-17;F;20;0;0;2366;204995;12146
Syddanmark;2021-02-17;F;84;0;2;2366;205079;12148
Hovedstaden;2021-02-17;M;91;1;7;2367;205170;12155
Midtjylland;2021-02-17;M;41;0;4;2367;205211;12159
Nordjylland;2021-02-17;M;19;0;0;2367;205230;12159
Sjælland;2021-02-17;M;28;0;4;2367;205258;12163
Syddanmark;2021-02-17;M;83;0;5;2367;205341;12168
Hovedstaden;2021-02-18;F;75;0;2;2367;205416;12170
Midtjylland;2021-02-18;F;36;0;0;2367;205452;12170
Nordjylland;2021-02-18;F;37;0;2;2367;205489;12172
Sjælland;2021-02-18;F;29;0;1;2367;205518;12173
Syddanmark;2021-02-18;F;80;0;3;2367;205598;12176
Hovedstaden;2021-02-18;M;70;1;6;2368;205668;12182
Midtjylland;2021-02-18;M;51;0;5;2368;205719;12187
Nordjylland;2021-02-18;M;37;0;3;2368;205756;12190
Sjælland;2021-02-18;M;38;1;5;2369;205794;12195
Syddanmark;2021-02-18;M;88;0;4;2369;205882;12199
Hovedstaden;2021-02-19;F;86;3;6;2372;205968;12205
Midtjylland;2021-02-19;F;27;0;1;2372;205995;12206
Nordjylland;2021-02-19;F;6;0;1;2372;206001;12207
Sjælland;2021-02-19;F;40;0;2;2372;206041;12209
Syddanmark;2021-02-19;F;56;0;4;2372;206097;12213
Hovedstaden;2021-02-19;M;95;0;9;2372;206192;12222
Midtjylland;2021-02-19;M;22;0;0;2372;206214;12222
Nordjylland;2021-02-19;M;20;0;3;2372;206234;12225
Sjælland;2021-02-19;M;37;0;4;2372;206271;12229
Syddanmark;2021-02-19;M;66;0;1;2372;206337;12230
Hovedstaden;2021-02-20;F;75;1;8;2373;206412;12238
Midtjylland;2021-02-20;F;32;0;2;2373;206444;12240
Nordjylland;2021-02-20;F;15;0;0;2373;206459;12240
Sjælland;2021-02-20;F;28;0;0;2373;206487;12240
Syddanmark;2021-02-20;F;53;0;2;2373;206540;12242
Hovedstaden;2021-02-20;M;79;0;9;2373;206619;12251
Midtjylland;2021-02-20;M;33;0;1;2373;206652;12252
Nordjylland;2021-02-20;M;11;0;0;2373;206663;12252
Sjælland;2021-02-20;M;33;1;1;2374;206696;12253
Syddanmark;2021-02-20;M;71;0;3;2374;206767;12256
Hovedstaden;2021-02-21;F;69;0;5;2374;206836;12261
Midtjylland;2021-02-21;F;40;0;0;2374;206876;12261
Nordjylland;2021-02-21;F;9;0;1;2374;206885;12262
Sjælland;2021-02-21;F;21;0;1;2374;206906;12263
Syddanmark;2021-02-21;F;84;0;5;2374;206990;12268
Hovedstaden;2021-02-21;M;91;0;7;2374;207081;12275
Midtjylland;2021-02-21;M;40;0;2;2374;207121;12277
Nordjylland;2021-02-21;M;12;0;1;2374;207133;12278
Sjælland;2021-02-21;M;37;0;3;2374;207170;12281
Syddanmark;2021-02-21;M;66;0;3;2374;207236;12284
Hovedstaden;2021-02-22;F;93;0;6;2374;207329;12290
Midtjylland;2021-02-22;F;44;0;2;2374;207373;12292
Nordjylland;2021-02-22;F;21;0;0;2374;207394;12292
Sjælland;2021-02-22;F;50;1;4;2375;207444;12296
Syddanmark;2021-02-22;F;91;0;4;2375;207535;12300
Hovedstaden;2021-02-22;M;101;0;3;2375;207636;12303
Midtjylland;2021-02-22;M;38;0;0;2375;207674;12303
Nordjylland;2021-02-22;M;19;0;2;2375;207693;12305
Sjælland;2021-02-22;M;43;0;5;2375;207736;12310
Syddanmark;2021-02-22;M;81;0;2;2375;207817;12312
Hovedstaden;2021-02-23;F;132;0;6;2375;207949;12318
Midtjylland;2021-02-23;F;21;0;0;2375;207970;12318
Nordjylland;2021-02-23;F;24;1;2;2376;207994;12320
Sjælland;2021-02-23;F;47;0;2;2376;208041;12322
Syddanmark;2021-02-23;F;71;0;5;2376;208112;12327
Hovedstaden;2021-02-23;M;122;0;8;2376;208234;12335
Midtjylland;2021-02-23;M;40;0;3;2376;208274;12338
Nordjylland;2021-02-23;M;17;0;1;2376;208291;12339
Sjælland;2021-02-23;M;52;1;6;2377;208343;12345
Syddanmark;2021-02-23;M;74;0;5;2377;208417;12350
Hovedstaden;2021-02-24;F;120;3;11;2380;208537;12361
Midtjylland;2021-02-24;F;33;0;0;2380;208570;12361
Nordjylland;2021-02-24;F;13;0;2;2380;208583;12363
Sjælland;2021-02-24;F;49;0;1;2380;208632;12364
Syddanmark;2021-02-24;F;60;0;5;2380;208692;12369
Hovedstaden;2021-02-24;M;110;0;9;2380;208802;12378
Midtjylland;2021-02-24;M;27;0;0;2380;208829;12378
Nordjylland;2021-02-24;M;12;0;1;2380;208841;12379
Sjælland;2021-02-24;M;40;0;1;2380;208881;12380
Syddanmark;2021-02-24;M;71;0;6;2380;208952;12386
Hovedstaden;2021-02-25;F;110;0;6;2380;209062;12392
Midtjylland;2021-02-25;F;30;0;1;2380;209092;12393
Nordjylland;2021-02-25;F;14;0;0;2380;209106;12393
Sjælland;2021-02-25;F;61;0;7;2380;209167;12400
Syddanmark;2021-02-25;F;54;0;6;2380;209221;12406
Hovedstaden;2021-02-25;M;118;1;5;2381;209339;12411
Midtjylland;2021-02-25;M;32;0;4;2381;209371;12415
Nordjylland;2021-02-25;M;13;0;0;2381;209384;12415
Sjælland;2021-02-25;M;43;0;2;2381;209427;12417
Syddanmark;2021-02-25;M;62;0;1;2381;209489;12418
Hovedstaden;2021-02-26;F;121;0;8;2381;209610;12426
Midtjylland;2021-02-26;F;19;0;0;2381;209629;12426
Nordjylland;2021-02-26;F;8;0;0;2381;209637;12426
Sjælland;2021-02-26;F;34;0;1;2381;209671;12427
Syddanmark;2021-02-26;F;65;0;3;2381;209736;12430
Hovedstaden;2021-02-26;M;110;0;4;2381;209846;12434
Midtjylland;2021-02-26;M;26;0;3;2381;209872;12437
Nordjylland;2021-02-26;M;12;0;0;2381;209884;12437
Sjælland;2021-02-26;M;32;1;5;2382;209916;12442
Syddanmark;2021-02-26;M;65;0;4;2382;209981;12446
Hovedstaden;2021-02-27;F;103;1;4;2383;210084;12450
Midtjylland;2021-02-27;F;25;0;2;2383;210109;12452
Nordjylland;2021-02-27;F;12;0;0;2383;210121;12452
Sjælland;2021-02-27;F;31;0;1;2383;210152;12453
Syddanmark;2021-02-27;F;46;1;2;2384;210198;12455
Hovedstaden;2021-02-27;M;98;0;5;2384;210296;12460
Midtjylland;2021-02-27;M;25;0;1;2384;210321;12461
Nordjylland;2021-02-27;M;8;0;0;2384;210329;12461
Sjælland;2021-02-27;M;31;0;4;2384;210360;12465
Syddanmark;2021-02-27;M;43;0;4;2384;210403;12469
Hovedstaden;2021-02-28;F;118;0;6;2384;210521;12475
Midtjylland;2021-02-28;F;26;0;1;2384;210547;12476
Nordjylland;2021-02-28;F;13;0;0;2384;210560;12476
Sjælland;2021-02-28;F;21;0;1;2384;210581;12477
Syddanmark;2021-02-28;F;58;1;5;2385;210639;12482
Hovedstaden;2021-02-28;M;117;0;4;2385;210756;12486
Midtjylland;2021-02-28;M;20;0;1;2385;210776;12487
Nordjylland;2021-02-28;M;13;0;1;2385;210789;12488
Sjælland;2021-02-28;M;28;0;2;2385;210817;12490
Syddanmark;2021-02-28;M;57;0;2;2385;210874;12492
Hovedstaden;2021-03-01;F;135;0;4;2385;211009;12496
Midtjylland;2021-03-01;F;31;0;1;2385;211040;12497
Nordjylland;2021-03-01;F;18;0;0;2385;211058;12497
Sjælland;2021-03-01;F;56;0;4;2385;211114;12501
Syddanmark;2021-03-01;F;60;0;6;2385;211174;12507
Hovedstaden;2021-03-01;M;127;0;5;2385;211301;12512
Midtjylland;2021-03-01;M;33;0;0;2385;211334;12512
Nordjylland;2021-03-01;M;15;0;1;2385;211349;12513
Sjælland;2021-03-01;M;49;2;5;2387;211398;12518
Syddanmark;2021-03-01;M;63;1;2;2388;211461;12520
Hovedstaden;2021-03-02;F;121;2;6;2390;211582;12526
Midtjylland;2021-03-02;F;40;0;1;2390;211622;12527
Nordjylland;2021-03-02;F;8;0;1;2390;211630;12528
Sjælland;2021-03-02;F;49;0;4;2390;211679;12532
Syddanmark;2021-03-02;F;71;0;4;2390;211750;12536
Hovedstaden;2021-03-02;M;130;1;10;2391;211880;12546
Midtjylland;2021-03-02;M;42;0;1;2391;211922;12547
Nordjylland;2021-03-02;M;11;0;0;2391;211933;12547
Sjælland;2021-03-02;M;46;0;4;2391;211979;12551
Syddanmark;2021-03-02;M;75;0;4;2391;212054;12555
Hovedstaden;2021-03-03;F;104;0;3;2391;212158;12558
Midtjylland;2021-03-03;F;39;0;2;2391;212197;12560
Nordjylland;2021-03-03;F;10;0;0;2391;212207;12560
Sjælland;2021-03-03;F;41;0;3;2391;212248;12563
Syddanmark;2021-03-03;F;77;0;7;2391;212325;12570
Hovedstaden;2021-03-03;M;108;0;4;2391;212433;12574
Midtjylland;2021-03-03;M;35;0;0;2391;212468;12574
Nordjylland;2021-03-03;M;12;0;0;2391;212480;12574
Sjælland;2021-03-03;M;43;0;4;2391;212523;12578
Syddanmark;2021-03-03;M;70;1;5;2392;212593;12583
Hovedstaden;2021-03-04;F;119;0;4;2392;212712;12587
Midtjylland;2021-03-04;F;23;0;0;2392;212735;12587
Nordjylland;2021-03-04;F;10;0;0;2392;212745;12587
Sjælland;2021-03-04;F;41;0;0;2392;212786;12587
Syddanmark;2021-03-04;F;41;0;2;2392;212827;12589
Hovedstaden;2021-03-04;M;105;0;3;2392;212932;12592
Midtjylland;2021-03-04;M;24;0;0;2392;212956;12592
Nordjylland;2021-03-04;M;8;0;0;2392;212964;12592
Sjælland;2021-03-04;M;40;0;3;2392;213004;12595
Syddanmark;2021-03-04;M;69;0;3;2392;213073;12598
Hovedstaden;2021-03-05;F;97;0;8;2392;213170;12606
Midtjylland;2021-03-05;F;38;0;3;2392;213208;12609
Nordjylland;2021-03-05;F;7;0;0;2392;213215;12609
Sjælland;2021-03-05;F;30;0;0;2392;213245;12609
Syddanmark;2021-03-05;F;39;0;2;2392;213284;12611
Hovedstaden;2021-03-05;M;110;3;9;2395;213394;12620
Midtjylland;2021-03-05;M;20;0;1;2395;213414;12621
Nordjylland;2021-03-05;M;14;0;1;2395;213428;12622
Sjælland;2021-03-05;M;36;1;5;2396;213464;12627
Syddanmark;2021-03-05;M;73;0;3;2396;213537;12630
Hovedstaden;2021-03-06;F;107;0;4;2396;213644;12634
Midtjylland;2021-03-06;F;29;0;1;2396;213673;12635
Nordjylland;2021-03-06;F;8;0;0;2396;213681;12635
Sjælland;2021-03-06;F;30;0;2;2396;213711;12637
Syddanmark;2021-03-06;F;46;0;0;2396;213757;12637
Hovedstaden;2021-03-06;M;96;0;6;2396;213853;12643
Midtjylland;2021-03-06;M;17;0;0;2396;213870;12643
Nordjylland;2021-03-06;M;9;0;1;2396;213879;12644
Sjælland;2021-03-06;M;41;0;5;2396;213920;12649
Syddanmark;2021-03-06;M;64;0;5;2396;213984;12654
Hovedstaden;2021-03-07;F;103;0;7;2396;214087;12661
Midtjylland;2021-03-07;F;46;0;1;2396;214133;12662
Nordjylland;2021-03-07;F;13;0;0;2396;214146;12662
Sjælland;2021-03-07;F;27;0;3;2396;214173;12665
Syddanmark;2021-03-07;F;48;0;2;2396;214221;12667
Hovedstaden;2021-03-07;M;87;0;5;2396;214308;12672
Midtjylland;2021-03-07;M;27;0;2;2396;214335;12674
Nordjylland;2021-03-07;M;10;0;0;2396;214345;12674
Sjælland;2021-03-07;M;33;0;3;2396;214378;12677
Syddanmark;2021-03-07;M;60;0;0;2396;214438;12677
Hovedstaden;2021-03-08;F;110;0;7;2396;214548;12684
Midtjylland;2021-03-08;F;40;0;2;2396;214588;12686
Nordjylland;2021-03-08;F;14;0;0;2396;214602;12686
Sjælland;2021-03-08;F;47;1;3;2397;214649;12689
Syddanmark;2021-03-08;F;66;0;3;2397;214715;12692
Hovedstaden;2021-03-08;M;143;0;9;2397;214858;12701
Midtjylland;2021-03-08;M;52;0;2;2397;214910;12703
Nordjylland;2021-03-08;M;7;0;1;2397;214917;12704
Sjælland;2021-03-08;M;32;0;2;2397;214949;12706
Syddanmark;2021-03-08;M;83;0;1;2397;215032;12707
Hovedstaden;2021-03-09;F;118;0;6;2397;215150;12713
Midtjylland;2021-03-09;F;36;0;2;2397;215186;12715
Nordjylland;2021-03-09;F;5;0;0;2397;215191;12715
Sjælland;2021-03-09;F;41;0;3;2397;215232;12718
Syddanmark;2021-03-09;F;92;0;4;2397;215324;12722
Hovedstaden;2021-03-09;M;146;0;10;2397;215470;12732
Midtjylland;2021-03-09;M;53;0;1;2397;215523;12733
Nordjylland;2021-03-09;M;13;0;2;2397;215536;12735
Sjælland;2021-03-09;M;37;2;5;2399;215573;12740
Syddanmark;2021-03-09;M;94;0;3;2399;215667;12743
Hovedstaden;2021-03-10;F;112;1;6;2400;215779;12749
Midtjylland;2021-03-10;F;40;0;1;2400;215819;12750
Nordjylland;2021-03-10;F;8;0;0;2400;215827;12750
Sjælland;2021-03-10;F;27;0;2;2400;215854;12752
Syddanmark;2021-03-10;F;84;0;5;2400;215938;12757
Hovedstaden;2021-03-10;M;99;0;3;2400;216037;12760
Midtjylland;2021-03-10;M;39;0;2;2400;216076;12762
Nordjylland;2021-03-10;M;16;0;0;2400;216092;12762
Sjælland;2021-03-10;M;31;0;1;2400;216123;12763
Syddanmark;2021-03-10;M;81;0;4;2400;216204;12767
Hovedstaden;2021-03-11;F;135;0;7;2400;216339;12774
Midtjylland;2021-03-11;F;33;0;2;2400;216372;12776
Nordjylland;2021-03-11;F;16;1;2;2401;216388;12778
Sjælland;2021-03-11;F;36;1;1;2402;216424;12779
Syddanmark;2021-03-11;F;75;0;4;2402;216499;12783
Hovedstaden;2021-03-11;M;112;0;5;2402;216611;12788
Midtjylland;2021-03-11;M;36;0;2;2402;216647;12790
Nordjylland;2021-03-11;M;18;0;0;2402;216665;12790
Sjælland;2021-03-11;M;45;0;2;2402;216710;12792
Syddanmark;2021-03-11;M;72;0;3;2402;216782;12795
Hovedstaden;2021-03-12;F;109;0;2;2402;216891;12797
Midtjylland;2021-03-12;F;34;0;2;2402;216925;12799
Nordjylland;2021-03-12;F;13;0;0;2402;216938;12799
Sjælland;2021-03-12;F;31;0;2;2402;216969;12801
Syddanmark;2021-03-12;F;64;0;5;2402;217033;12806
Hovedstaden;2021-03-12;M;106;0;4;2402;217139;12810
Midtjylland;2021-03-12;M;27;0;2;2402;217166;12812
Nordjylland;2021-03-12;M;7;0;0;2402;217173;12812
Sjælland;2021-03-12;M;31;0;3;2402;217204;12815
Syddanmark;2021-03-12;M;57;0;2;2402;217261;12817
Hovedstaden;2021-03-13;F;85;0;5;2402;217346;12822
Midtjylland;2021-03-13;F;35;0;0;2402;217381;12822
Nordjylland;2021-03-13;F;10;0;0;2402;217391;12822
Sjælland;2021-03-13;F;24;0;2;2402;217415;12824
Syddanmark;2021-03-13;F;69;0;4;2402;217484;12828
Hovedstaden;2021-03-13;M;107;0;10;2402;217591;12838
Midtjylland;2021-03-13;M;25;0;1;2402;217616;12839
Nordjylland;2021-03-13;M;13;0;1;2402;217629;12840
Sjælland;2021-03-13;M;23;0;1;2402;217652;12841
Syddanmark;2021-03-13;M;70;0;2;2402;217722;12843
Hovedstaden;2021-03-14;F;94;0;6;2402;217816;12849
Midtjylland;2021-03-14;F;33;0;0;2402;217849;12849
Nordjylland;2021-03-14;F;13;0;0;2402;217862;12849
Sjælland;2021-03-14;F;25;0;1;2402;217887;12850
Syddanmark;2021-03-14;F;65;1;5;2403;217952;12855
Hovedstaden;2021-03-14;M;121;1;6;2404;218073;12861
Midtjylland;2021-03-14;M;36;0;0;2404;218109;12861
Nordjylland;2021-03-14;M;10;0;0;2404;218119;12861
Sjælland;2021-03-14;M;23;0;0;2404;218142;12861
Syddanmark;2021-03-14;M;66;0;1;2404;218208;12862
Hovedstaden;2021-03-15;F;122;0;5;2404;218330;12867
Midtjylland;2021-03-15;F;44;0;5;2404;218374;12872
Nordjylland;2021-03-15;F;13;0;0;2404;218387;12872
Sjælland;2021-03-15;F;41;1;2;2405;218428;12874
Syddanmark;2021-03-15;F;102;0;3;2405;218530;12877
Hovedstaden;2021-03-15;M;133;2;12;2407;218663;12889
Midtjylland;2021-03-15;M;38;0;2;2407;218701;12891
Nordjylland;2021-03-15;M;15;0;0;2407;218716;12891
Sjælland;2021-03-15;M;38;1;3;2408;218754;12894
Syddanmark;2021-03-15;M;88;1;6;2409;218842;12900
Hovedstaden;2021-03-16;F;121;1;8;2410;218963;12908
Midtjylland;2021-03-16;F;45;0;3;2410;219008;12911
Nordjylland;2021-03-16;F;22;0;0;2410;219030;12911
Sjælland;2021-03-16;F;41;0;3;2410;219071;12914
Syddanmark;2021-03-16;F;102;0;2;2410;219173;12916
Hovedstaden;2021-03-16;M;153;1;9;2411;219326;12925
Midtjylland;2021-03-16;M;79;0;3;2411;219405;12928
Nordjylland;2021-03-16;M;27;0;3;2411;219432;12931
Sjælland;2021-03-16;M;51;0;3;2411;219483;12934
Syddanmark;2021-03-16;M;99;0;7;2411;219582;12941
Hovedstaden;2021-03-17;F;122;0;4;2411;219704;12945
Midtjylland;2021-03-17;F;42;0;2;2411;219746;12947
Nordjylland;2021-03-17;F;17;0;0;2411;219763;12947
Sjælland;2021-03-17;F;43;0;0;2411;219806;12947
Syddanmark;2021-03-17;F;81;0;4;2411;219887;12951
Hovedstaden;2021-03-17;M;128;0;6;2411;220015;12957
Midtjylland;2021-03-17;M;44;0;0;2411;220059;12957
Nordjylland;2021-03-17;M;24;0;1;2411;220083;12958
Sjælland;2021-03-17;M;43;1;1;2412;220126;12959
Syddanmark;2021-03-17;M;115;1;3;2413;220241;12962
Hovedstaden;2021-03-18;F;148;2;4;2415;220389;12966
Midtjylland;2021-03-18;F;40;0;2;2415;220429;12968
Nordjylland;2021-03-18;F;11;0;0;2415;220440;12968
Sjælland;2021-03-18;F;39;0;2;2415;220479;12970
Syddanmark;2021-03-18;F;90;0;3;2415;220569;12973
Hovedstaden;2021-03-18;M;139;1;8;2416;220708;12981
Midtjylland;2021-03-18;M;33;0;1;2416;220741;12982
Nordjylland;2021-03-18;M;18;0;1;2416;220759;12983
Sjælland;2021-03-18;M;44;0;3;2416;220803;12986
Syddanmark;2021-03-18;M;82;0;5;2416;220885;12991
Hovedstaden;2021-03-19;F;165;0;5;2416;221050;12996
Midtjylland;2021-03-19;F;41;0;1;2416;221091;12997
Nordjylland;2021-03-19;F;10;0;1;2416;221101;12998
Sjælland;2021-03-19;F;42;1;4;2417;221143;13002
Syddanmark;2021-03-19;F;64;0;4;2417;221207;13006
Hovedstaden;2021-03-19;M;162;0;4;2417;221369;13010
Midtjylland;2021-03-19;M;32;0;0;2417;221401;13010
Nordjylland;2021-03-19;M;11;0;1;2417;221412;13011
Sjælland;2021-03-19;M;40;0;5;2417;221452;13016
Syddanmark;2021-03-19;M;72;0;2;2417;221524;13018
Hovedstaden;2021-03-20;F;121;0;3;2417;221645;13021
Midtjylland;2021-03-20;F;26;0;1;2417;221671;13022
Nordjylland;2021-03-20;F;18;0;4;2417;221689;13026
Sjælland;2021-03-20;F;24;1;2;2418;221713;13028
Syddanmark;2021-03-20;F;71;0;2;2418;221784;13030
Hovedstaden;2021-03-20;M;165;0;12;2418;221949;13042
Midtjylland;2021-03-20;M;42;0;1;2418;221991;13043
Nordjylland;2021-03-20;M;21;0;0;2418;222012;13043
Sjælland;2021-03-20;M;29;0;2;2418;222041;13045
Syddanmark;2021-03-20;M;60;0;2;2418;222101;13047
Hovedstaden;2021-03-21;F;133;0;5;2418;222234;13052
Midtjylland;2021-03-21;F;38;0;2;2418;222272;13054
Nordjylland;2021-03-21;F;16;0;1;2418;222288;13055
Sjælland;2021-03-21;F;23;0;1;2418;222311;13056
Syddanmark;2021-03-21;F;61;0;2;2418;222372;13058
Hovedstaden;2021-03-21;M;143;1;7;2419;222515;13065
Midtjylland;2021-03-21;M;44;0;2;2419;222559;13067
Nordjylland;2021-03-21;M;15;0;0;2419;222574;13067
Sjælland;2021-03-21;M;28;0;1;2419;222602;13068
Syddanmark;2021-03-21;M;60;0;4;2419;222662;13072
Hovedstaden;2021-03-22;F;172;0;8;2419;222834;13080
Midtjylland;2021-03-22;F;43;1;2;2420;222877;13082
Nordjylland;2021-03-22;F;20;0;1;2420;222897;13083
Sjælland;2021-03-22;F;39;1;3;2421;222936;13086
Syddanmark;2021-03-22;F;85;0;2;2421;223021;13088
Hovedstaden;2021-03-22;M;188;1;12;2422;223209;13100
Midtjylland;2021-03-22;M;57;0;2;2422;223266;13102
Nordjylland;2021-03-22;M;25;0;1;2422;223291;13103
Sjælland;2021-03-22;M;42;0;2;2422;223333;13105
Syddanmark;2021-03-22;M;104;0;4;2422;223437;13109
Hovedstaden;2021-03-23;F;178;0;14;2422;223615;13123
Midtjylland;2021-03-23;F;76;0;2;2422;223691;13125
Nordjylland;2021-03-23;F;11;0;1;2422;223702;13126
Sjælland;2021-03-23;F;42;0;3;2422;223744;13129
Syddanmark;2021-03-23;F;76;0;3;2422;223820;13132
Hovedstaden;2021-03-23;M;212;1;6;2423;224032;13138
Midtjylland;2021-03-23;M;52;0;4;2423;224084;13142
Nordjylland;2021-03-23;M;24;0;2;2423;224108;13144
Sjælland;2021-03-23;M;46;0;1;2423;224154;13145
Syddanmark;2021-03-23;M;83;0;3;2423;224237;13148
Hovedstaden;2021-03-24;F;202;1;6;2424;224439;13154
Midtjylland;2021-03-24;F;50;0;1;2424;224489;13155
Nordjylland;2021-03-24;F;18;0;1;2424;224507;13156
Sjælland;2021-03-24;F;38;0;3;2424;224545;13159
Syddanmark;2021-03-24;F;79;0;0;2424;224624;13159
Hovedstaden;2021-03-24;M;183;0;8;2424;224807;13167
Midtjylland;2021-03-24;M;58;0;4;2424;224865;13171
Nordjylland;2021-03-24;M;23;0;1;2424;224888;13172
Sjælland;2021-03-24;M;42;0;2;2424;224930;13174
Syddanmark;2021-03-24;M;82;0;5;2424;225012;13179
Hovedstaden;2021-03-25;F;171;0;10;2424;225183;13189
Midtjylland;2021-03-25;F;38;0;3;2424;225221;13192
Nordjylland;2021-03-25;F;8;0;1;2424;225229;13193
Sjælland;2021-03-25;F;30;0;3;2424;225259;13196
Syddanmark;2021-03-25;F;59;0;2;2424;225318;13198
Hovedstaden;2021-03-25;M;177;0;12;2424;225495;13210
Midtjylland;2021-03-25;M;40;0;0;2424;225535;13210
Nordjylland;2021-03-25;M;20;0;1;2424;225555;13211
Sjælland;2021-03-25;M;34;0;0;2424;225589;13211
Syddanmark;2021-03-25;M;58;0;3;2424;225647;13214
Hovedstaden;2021-03-26;F;172;0;10;2424;225819;13224
Midtjylland;2021-03-26;F;41;0;1;2424;225860;13225
Nordjylland;2021-03-26;F;10;0;0;2424;225870;13225
Sjælland;2021-03-26;F;36;0;0;2424;225906;13225
Syddanmark;2021-03-26;F;69;0;5;2424;225975;13230
Hovedstaden;2021-03-26;M;200;0;7;2424;226175;13237
Midtjylland;2021-03-26;M;39;0;0;2424;226214;13237
Nordjylland;2021-03-26;M;14;0;1;2424;226228;13238
Sjælland;2021-03-26;M;43;0;2;2424;226271;13240
Syddanmark;2021-03-26;M;70;0;3;2424;226341;13243
Hovedstaden;2021-03-27;F;174;0;8;2424;226515;13251
Midtjylland;2021-03-27;F;54;0;3;2424;226569;13254
Nordjylland;2021-03-27;F;16;0;0;2424;226585;13254
Sjælland;2021-03-27;F;33;0;1;2424;226618;13255
Syddanmark;2021-03-27;F;72;0;3;2424;226690;13258
Hovedstaden;2021-03-27;M;162;0;10;2424;226852;13268
Midtjylland;2021-03-27;M;47;0;4;2424;226899;13272
Nordjylland;2021-03-27;M;20;0;2;2424;226919;13274
Sjælland;2021-03-27;M;44;0;9;2424;226963;13283
Syddanmark;2021-03-27;M;46;0;0;2424;227009;13283
Hovedstaden;2021-03-28;F;158;1;6;2425;227167;13289
Midtjylland;2021-03-28;F;39;0;4;2425;227206;13293
Nordjylland;2021-03-28;F;11;0;0;2425;227217;13293
Sjælland;2021-03-28;F;25;0;1;2425;227242;13294
Syddanmark;2021-03-28;F;63;0;1;2425;227305;13295
Hovedstaden;2021-03-28;M;164;0;4;2425;227469;13299
Midtjylland;2021-03-28;M;37;0;2;2425;227506;13301
Nordjylland;2021-03-28;M;14;0;0;2425;227520;13301
Sjælland;2021-03-28;M;38;0;3;2425;227558;13304
Syddanmark;2021-03-28;M;61;0;2;2425;227619;13306
Hovedstaden;2021-03-29;F;197;1;9;2426;227816;13315
Midtjylland;2021-03-29;F;55;0;1;2426;227871;13316
Nordjylland;2021-03-29;F;14;0;1;2426;227885;13317
Sjælland;2021-03-29;F;47;0;1;2426;227932;13318
Syddanmark;2021-03-29;F;74;0;5;2426;228006;13323
Hovedstaden;2021-03-29;M;207;0;10;2426;228213;13333
Midtjylland;2021-03-29;M;42;0;2;2426;228255;13335
Nordjylland;2021-03-29;M;25;0;0;2426;228280;13335
Sjælland;2021-03-29;M;42;0;2;2426;228322;13337
Syddanmark;2021-03-29;M;59;0;2;2426;228381;13339
Hovedstaden;2021-03-30;F;192;1;8;2427;228573;13347
Midtjylland;2021-03-30;F;48;0;3;2427;228621;13350
Nordjylland;2021-03-30;F;20;0;0;2427;228641;13350
Sjælland;2021-03-30;F;31;0;0;2427;228672;13350
Syddanmark;2021-03-30;F;61;0;2;2427;228733;13352
Hovedstaden;2021-03-30;M;173;0;6;2427;228906;13358
Midtjylland;2021-03-30;M;44;0;1;2427;228950;13359
Nordjylland;2021-03-30;M;21;0;1;2427;228971;13360
Sjælland;2021-03-30;M;32;0;0;2427;229003;13360
Syddanmark;2021-03-30;M;46;0;0;2427;229049;13360
Hovedstaden;2021-03-31;F;174;0;5;2427;229223;13365
Midtjylland;2021-03-31;F;47;0;1;2427;229270;13366
Nordjylland;2021-03-31;F;21;0;0;2427;229291;13366
Sjælland;2021-03-31;F;25;1;4;2428;229316;13370
Syddanmark;2021-03-31;F;50;0;2;2428;229366;13372
Hovedstaden;2021-03-31;M;197;0;7;2428;229563;13379
Midtjylland;2021-03-31;M;53;0;3;2428;229616;13382
Nordjylland;2021-03-31;M;29;0;0;2428;229645;13382
Sjælland;2021-03-31;M;34;0;1;2428;229679;13383
Syddanmark;2021-03-31;M;56;1;3;2429;229735;13386
Hovedstaden;2021-04-01;F;178;0;4;2429;229913;13390
Midtjylland;2021-04-01;F;57;0;2;2429;229970;13392
Nordjylland;2021-04-01;F;22;0;0;2429;229992;13392
Sjælland;2021-04-01;F;45;0;0;2429;230037;13392
Syddanmark;2021-04-01;F;65;0;1;2429;230102;13393
Hovedstaden;2021-04-01;M;175;0;6;2429;230277;13399
Midtjylland;2021-04-01;M;52;0;3;2429;230329;13402
Nordjylland;2021-04-01;M;24;0;0;2429;230353;13402
Sjælland;2021-04-01;M;44;0;0;2429;230397;13402
Syddanmark;2021-04-01;M;41;0;3;2429;230438;13405
Hovedstaden;2021-04-02;F;147;0;2;2429;230585;13407
Midtjylland;2021-04-02;F;45;0;0;2429;230630;13407
Nordjylland;2021-04-02;F;18;0;0;2429;230648;13407
Sjælland;2021-04-02;F;30;0;0;2429;230678;13407
Syddanmark;2021-04-02;F;40;0;1;2429;230718;13408
Hovedstaden;2021-04-02;M;124;0;2;2429;230842;13410
Midtjylland;2021-04-02;M;46;0;1;2429;230888;13411
Nordjylland;2021-04-02;M;18;0;1;2429;230906;13412
Sjælland;2021-04-02;M;33;0;1;2429;230939;13413
Syddanmark;2021-04-02;M;47;0;0;2429;230986;13413
Hovedstaden;2021-04-03;F;115;0;1;2429;231101;13414
Midtjylland;2021-04-03;F;59;0;1;2429;231160;13415
Nordjylland;2021-04-03;F;13;0;0;2429;231173;13415
Sjælland;2021-04-03;F;26;0;0;2429;231199;13415
Syddanmark;2021-04-03;F;44;0;1;2429;231243;13416
Hovedstaden;2021-04-03;M;123;0;4;2429;231366;13420
Midtjylland;2021-04-03;M;50;0;0;2429;231416;13420
Nordjylland;2021-04-03;M;26;0;0;2429;231442;13420
Sjælland;2021-04-03;M;30;0;0;2429;231472;13420
Syddanmark;2021-04-03;M;32;0;1;2429;231504;13421
Hovedstaden;2021-04-04;F;118;0;1;2429;231622;13422
Midtjylland;2021-04-04;F;34;0;0;2429;231656;13422
Nordjylland;2021-04-04;F;16;0;0;2429;231672;13422
Sjælland;2021-04-04;F;16;0;0;2429;231688;13422
Syddanmark;2021-04-04;F;35;0;2;2429;231723;13424
Hovedstaden;2021-04-04;M;111;0;2;2429;231834;13426
Midtjylland;2021-04-04;M;41;0;0;2429;231875;13426
Nordjylland;2021-04-04;M;26;0;0;2429;231901;13426
Sjælland;2021-04-04;M;25;0;0;2429;231926;13426
Syddanmark;2021-04-04;M;26;0;0;2429;231952;13426
Hovedstaden;2021-04-05;F;25;0;0;2429;231977;13426
Midtjylland;2021-04-05;F;9;0;0;2429;231986;13426
Nordjylland;2021-04-05;F;6;0;0;2429;231992;13426
Sjælland;2021-04-05;F;3;0;0;2429;231995;13426
Syddanmark;2021-04-05;F;8;0;0;2429;232003;13426
Hovedstaden;2021-04-05;M;22;0;1;2429;232025;13427
Midtjylland;2021-04-05;M;4;0;0;2429;232029;13427
Nordjylland;2021-04-05;M;7;0;0;2429;232036;13427
Sjælland;2021-04-05;M;3;0;0;2429;232039;13427
Syddanmark;2021-04-05;M;5;0;1;2429;232044;13428
Midtjylland;2021-04-06;M;1;0;1;2429;232045;13429
